0.579
0.5981
0.6659
0.7085
0.7215
0.7716
0.7813
0.8038
0.8109
0.8348
0.841
0.8613
0.8431
0.8033
0.8557
0.8968
0.8795
0.9089
0.9094
0.9131
0.9176
0.929
0.93
0.9337
0.9245
0.9196
0.9294
0.9337
0.9438
0.928
0.938
0.9423
0.9425
0.9431
0.951
0.9548
0.9575
0.9422
0.9497
0.9589
0.9607
0.9583
0.9624
0.961
0.9638
0.9639
0.9672
0.9645
0.9664
0.9627
0.9675
0.9627
0.968
0.9691
0.9706
0.9731
0.9711
0.9689
0.9699
0.9679
0.9743
0.9742
0.9737
0.9736
0.9766
0.9736
0.9735
0.9723
0.9755
0.9772
0.9739
0.9741
0.9771
0.9753
0.9768
0.9763
0.9771
0.9767
0.9773
0.9778
0.977
0.9777
0.9788
0.9771
0.9764
0.9754
0.975
0.9757
0.9807
0.9769
0.9802
0.9792
0.9759
0.9785
0.9789
0.9771
0.977
0.9782
0.981
0.9802
0.9804
