0.6176
0.6867
0.7231
0.7669
0.7445
0.8024
0.6973
0.7066
0.7688
0.7968
0.7831
0.7726
0.7787
0.7845
0.7791
0.8393
0.85
0.8486
0.8611
0.8757
0.8628
0.8603
0.901
0.8919
0.8936
0.9024
0.8829
0.9013
0.8992
0.9098
0.9129
0.9298
0.927
0.9271
0.9299
0.9272
0.9328
0.9293
0.925
0.9336
0.9372
0.9416
0.9479
0.9472
0.9429
0.9455
0.9515
0.953
0.944
0.9553
0.9541
0.9529
0.9514
0.9475
0.9536
0.9527
0.9528
0.9574
0.9437
0.9546
0.9591
0.9574
0.9571
0.9561
0.9589
0.9596
0.9643
0.9639
0.9572
0.9589
0.9612
0.9685
0.9621
0.9635
0.9642
0.9611
0.9636
0.9636
0.9662
0.9684
0.9622
0.9647
0.9649
0.9629
0.9694
0.9626
0.9695
0.9626
0.9689
0.9693
0.9673
0.9624
0.9681
0.9733
0.9719
0.9744
0.9716
0.9695
0.9724
0.97
0.9689
