0.6225
0.6081
0.616
0.6028
0.6616
0.6569
0.6642
0.5693
0.6212
0.6094
0.6153
0.648
0.6773
0.6679
0.7054
0.716
0.6854
0.7019
0.7042
0.7215
0.8217
0.8291
0.7961
0.8261
0.8002
0.8404
0.8436
0.8639
0.8554
0.8407
0.8764
0.8744
0.8404
0.8897
0.8875
0.9055
0.9051
0.8964
0.8982
0.8895
0.9166
0.8886
0.9192
0.9162
0.9103
0.9181
0.918
0.9317
0.9285
0.9241
0.9255
0.9366
0.9126
0.9324
0.9419
0.9301
0.9361
0.9299
0.9404
0.9414
0.9409
0.946
0.952
0.9493
0.9394
0.9438
0.9477
0.9499
0.9504
0.9511
0.948
0.9581
0.9544
0.9524
0.9603
0.9485
0.9507
0.9602
0.9611
0.9584
0.9548
0.9536
0.9568
0.9643
0.9614
0.9613
0.9661
0.9658
0.9563
0.9627
0.9645
0.9605
0.97
0.9622
0.9731
0.9616
0.9691
0.9642
0.9694
0.9686
0.9689
