0.4908
0.6143
0.6402
0.6397
0.6014
0.6391
0.6841
0.6896
0.7289
0.714
0.7216
0.7533
0.7862
0.7803
0.7703
0.8221
0.8161
0.8508
0.8635
0.8579
0.8608
0.8768
0.8733
0.8833
0.9051
0.8845
0.8952
0.8818
0.8882
0.8978
0.9102
0.9167
0.9294
0.9221
0.9211
0.9318
0.9305
0.9094
0.9319
0.9269
0.93
0.931
0.9383
0.9445
0.9433
0.9305
0.9335
0.9461
0.9527
0.9551
0.9534
0.946
0.9534
0.9537
0.9488
0.9505
0.9503
0.9502
0.9547
0.9587
0.958
0.957
0.9648
0.9632
0.9625
0.9572
0.9563
0.9498
0.9643
0.9617
0.9644
0.9669
0.9652
0.9639
0.9652
0.9647
0.9589
0.9661
0.9649
0.9658
0.9696
0.967
0.9678
0.9668
0.971
0.9718
0.9759
0.9725
0.9702
0.97
0.9705
0.9699
0.9734
0.9692
0.9709
0.9706
0.9744
0.9764
0.9755
0.9744
0.9718
