0.5811
0.6606
0.6209
0.6564
0.6429
0.6909
0.6855
0.7309
0.753
0.8053
0.7803
0.7986
0.8249
0.8132
0.8408
0.8466
0.8496
0.8675
0.8778
0.8873
0.876
0.8776
0.8793
0.8961
0.9072
0.9014
0.8922
0.9037
0.9104
0.9224
0.9188
0.9185
0.9114
0.9145
0.9339
0.9067
0.9241
0.9417
0.9329
0.9343
0.9429
0.939
0.9391
0.9468
0.9457
0.9476
0.9463
0.9508
0.9433
0.9454
0.9532
0.9527
0.9518
0.9541
0.9611
0.9536
0.9511
0.9539
0.9538
0.9587
0.9624
0.9615
0.9653
0.9679
0.9591
0.964
0.9632
0.9566
0.9614
0.9671
0.9647
0.9672
0.9713
0.9628
0.9662
0.9695
0.9658
0.9672
0.9676
0.9724
0.9706
0.9705
0.9671
0.9698
0.9711
0.9694
0.97
0.9746
0.9688
0.9685
0.9726
0.9664
0.9706
0.9728
0.975
0.9761
0.9747
0.9764
0.9763
0.9776
0.9783
