0.5907
0.5734
0.5829
0.6805
0.7403
0.7608
0.7645
0.7776
0.7933
0.815
0.808
0.8201
0.8162
0.8646
0.8302
0.8514
0.8617
0.8759
0.8785
0.8857
0.8997
0.8865
0.9159
0.9063
0.894
0.8869
0.9111
0.9215
0.9168
0.9302
0.9357
0.9357
0.931
0.9358
0.9422
0.9452
0.9522
0.9462
0.9528
0.9539
0.9592
0.9557
0.9517
0.9503
0.9614
0.9559
0.9639
0.9616
0.9659
0.9679
0.9596
0.9625
0.9628
0.9683
0.9695
0.9673
0.9693
0.9644
0.9703
0.9697
0.9707
0.9707
0.9695
0.9692
0.9752
0.9717
0.9739
0.9776
0.9706
0.9719
0.9752
0.975
0.9742
0.9739
0.9759
0.9743
0.976
0.9744
0.9778
0.9766
0.9766
0.9773
0.9786
0.9781
0.9797
0.9796
0.977
0.9781
0.978
0.9777
0.9791
0.9802
0.9785
0.9805
0.9815
0.9821
0.981
0.9799
0.9818
0.9823
0.9801
