0.5598
0.6255
0.677
0.7281
0.6866
0.6853
0.71
0.7302
0.7301
0.7807
0.7714
0.822
0.8148
0.8204
0.8158
0.8442
0.8564
0.8418
0.8957
0.8894
0.9072
0.8875
0.8939
0.9127
0.9133
0.9224
0.9328
0.9348
0.9198
0.931
0.9415
0.9473
0.9449
0.9384
0.9514
0.9524
0.9507
0.9555
0.9518
0.958
0.9549
0.9513
0.9586
0.9534
0.9611
0.9591
0.9603
0.9605
0.9645
0.9619
0.9668
0.9643
0.9625
0.9658
0.9659
0.9681
0.9725
0.9702
0.9731
0.9717
0.9698
0.9699
0.9696
0.9719
0.9713
0.974
0.9733
0.9712
0.9738
0.9736
0.9701
0.9699
0.9718
0.9758
0.9715
0.975
0.9752
0.9761
0.9761
0.9749
0.9751
0.9787
0.9752
0.9781
0.9799
0.9762
0.9739
0.977
0.9786
0.9746
0.9806
0.9788
0.9768
0.9789
0.9778
0.9781
0.9755
0.9811
0.9815
0.9802
0.9789
