0.5693
0.6217
0.6865
0.6913
0.7282
0.76
0.7783
0.7833
0.8484
0.828
0.8372
0.8029
0.827
0.8216
0.8448
0.8421
0.8574
0.8526
0.8594
0.8754
0.8691
0.8715
0.8781
0.8866
0.8928
0.8966
0.9011
0.8901
0.9014
0.8934
0.8921
0.8932
0.8942
0.9058
0.9039
0.9095
0.9122
0.9083
0.9109
0.915
0.9097
0.917
0.9172
0.9206
0.9186
0.9192
0.9209
0.9232
0.9256
0.927
0.9219
0.9214
0.9252
0.9297
0.9323
0.9412
0.9333
0.9398
0.9342
0.937
0.9307
0.9321
0.9311
0.9314
0.9325
0.9416
0.9368
0.9402
0.9363
0.9391
0.945
0.9424
0.9327
0.9459
0.9467
0.9468
0.9438
0.9474
0.9425
0.9448
0.9455
0.9472
0.9426
0.9474
0.943
0.9416
0.9455
0.9455
0.9448
0.9489
0.945
0.9516
0.9548
0.9537
0.9446
0.9523
0.9532
0.9508
0.9532
0.9537
0.952
