0.2208
0.1704
0.2226
0.2918
0.3031
0.3103
0.3166
0.3597
0.344
0.3528
0.3275
0.3575
0.3527
0.3709
0.3636
0.3701
0.3662
0.3765
0.3864
0.3836
0.3611
0.3967
0.3905
0.401
0.4016
0.3863
0.4057
0.3997
0.3959
0.3237
0.4011
0.392
0.3945
0.4204
0.3965
0.3961
0.4108
0.4181
0.4251
0.4043
0.4146
0.4193
0.3957
0.4213
0.4221
0.4055
0.4366
0.43
0.4306
0.4243
0.4133
0.4285
0.4133
0.4317
0.4262
0.4004
0.4379
0.4109
0.4323
0.434
0.4308
0.4397
0.4248
0.4133
0.4222
0.4391
0.4208
0.4141
0.4421
0.4216
0.4006
0.4368
0.4598
0.4468
0.4192
0.4257
0.4492
0.4414
0.4306
0.4627
0.4519
0.4379
0.428
0.4276
0.4302
0.4367
0.4284
0.4395
0.4349
0.4257
0.4438
0.447
0.4586
0.4344
0.4406
0.4571
0.4556
0.4387
0.4444
0.4432
0.4478
0.4594
0.4503
0.4508
0.4474
0.4414
0.4567
0.4572
0.4434
0.4702
0.453
0.4671
0.4714
0.4698
0.4637
0.4651
0.4585
0.4643
0.4533
0.4433
0.4651
0.4741
0.4323
0.4492
0.4498
0.4631
0.4531
0.4468
0.4729
0.4392
0.4625
0.4624
0.4291
0.4522
0.4505
0.4696
0.4543
0.4431
0.4644
0.4396
0.4517
0.4544
0.4535
0.4535
0.4541
0.4575
0.4571
0.4681
0.4765
0.4756
0.4693
