0.1128
0.2426
0.2202
0.2614
0.2975
0.2524
0.2801
0.307
0.362
0.3551
0.3529
0.3321
0.3855
0.383
0.3886
0.4052
0.3515
0.3354
0.3778
0.3427
0.3739
0.4185
0.3976
0.4035
0.4108
0.407
0.4124
0.3963
0.4053
0.4285
0.4126
0.4226
0.4194
0.4229
0.4222
0.3908
0.4302
0.4138
0.4119
0.4399
0.428
0.4222
0.4343
0.4453
0.4338
0.4345
0.4421
0.4418
0.4256
0.4325
0.4401
0.4318
0.4188
0.4401
0.439
0.444
0.441
0.4382
0.4436
0.4221
0.4533
0.4472
0.4583
0.4278
0.4494
0.4458
0.4645
0.4624
0.4543
0.4443
0.446
0.4545
0.4474
0.4553
0.4652
0.4646
0.4255
0.4652
0.4726
0.4678
0.4674
0.4543
0.4732
0.4407
0.4556
0.4501
0.4614
0.4624
0.4674
0.4773
0.4493
0.4367
0.4515
0.4567
0.453
0.4535
0.4814
0.4853
0.4731
0.4846
0.4492
0.4694
0.468
0.4649
0.4744
0.473
0.4661
0.4661
0.4606
0.4892
0.4676
0.4547
0.4758
0.4655
0.4826
0.4722
0.455
0.46
0.47
0.4725
0.4689
0.4631
0.4663
0.4818
0.4902
0.4715
0.4957
0.4727
0.4561
0.4826
0.4725
0.4834
0.4732
0.4811
0.4822
0.4666
0.487
0.4726
0.4649
0.4742
0.4778
0.4862
0.4827
0.4743
0.4942
0.4803
0.4771
0.498
0.4696
0.475
0.4796
