0.8216
0.8873
0.8856
0.8871
0.9273
0.9005
0.932
0.9243
0.9504
0.9434
0.9392
0.9605
0.9373
0.9415
0.9055
0.9513
0.9518
0.9624
0.9566
0.962
0.9545
0.9647
0.9659
0.9591
0.9517
0.9618
0.9551
0.9577
0.9633
0.965
0.9647
0.9718
0.961
0.9648
0.9678
0.9612
0.9713
0.9628
0.951
0.9718
0.9686
0.9633
0.9741
0.9668
0.9566
0.9687
0.9732
0.9758
0.9707
0.9676
0.9667
0.978
0.9634
0.9763
0.9745
0.9758
0.9734
0.9702
0.9729
0.9789
0.9725
0.9761
0.9772
0.9785
0.977
0.9732
0.969
0.9723
0.9752
0.9748
0.9793
0.9764
0.9718
0.9752
0.9784
0.9667
0.9742
0.9834
0.9741
0.9783
0.9729
0.9764
0.979
0.9735
0.9774
0.9811
0.9786
0.9794
0.9816
0.9772
0.9792
0.9766
0.9702
0.9774
0.9779
0.9805
0.981
0.9791
0.9823
0.978
0.9743
0.9756
0.9784
0.9788
0.982
0.9807
0.9816
0.9825
0.9791
0.9797
0.9805
0.9806
0.9787
0.9792
0.9804
0.9824
0.9825
0.9774
0.9841
0.9839
0.9776
0.9804
0.9839
0.9828
0.9803
0.9811
0.9824
0.9821
0.9808
0.9827
0.9809
0.9832
0.9788
0.9834
0.9808
0.9818
0.9832
0.9813
0.9791
0.9829
0.9821
0.9798
0.9837
0.9749
0.9807
0.9807
0.982
0.9823
0.9796
0.9835
0.9807
