0.1832
0.2349
0.2968
0.2814
0.2901
0.3175
0.3345
0.3305
0.3525
0.3654
0.3777
0.3889
0.375
0.3717
0.3794
0.3898
0.4088
0.3918
0.4003
0.4006
0.4059
0.4061
0.405
0.4094
0.4087
0.4151
0.4106
0.4232
0.4137
0.4403
0.3871
0.4295
0.4273
0.4392
0.4272
0.4188
0.4152
0.4214
0.4304
0.4161
0.4242
0.4159
0.4354
0.4268
0.4375
0.4216
0.4369
0.4235
0.4342
0.4408
0.4208
0.4309
0.4428
0.4385
0.445
0.4346
0.4356
0.4387
0.4458
0.443
0.455
0.4313
0.4474
0.4533
0.436
0.457
0.4536
0.4487
0.4552
0.4585
0.4525
0.4631
0.4556
0.4508
0.4614
0.454
0.45
0.4645
0.4459
0.4513
0.4386
0.4681
0.4526
0.4491
0.4565
0.4497
0.4594
0.4459
0.4625
0.4736
0.4511
0.485
0.4294
0.4586
0.4733
0.4696
0.4673
0.4628
0.4858
0.4705
0.4513
0.4715
0.4674
0.4702
0.4797
0.4602
0.4725
0.4541
0.4462
0.4739
0.4698
0.4742
0.477
0.4601
0.467
0.487
0.4848
0.4686
0.4618
0.4584
0.4695
0.471
0.4706
0.452
0.4595
0.4786
0.483
0.4687
0.465
0.4726
0.4806
0.4686
0.4678
0.4735
0.4661
0.4756
0.4961
0.4897
0.4696
0.4778
0.4875
0.481
0.5093
0.4695
0.4835
0.4569
0.4807
0.4654
0.4581
0.4817
0.4849
