0.1817
0.2425
0.2777
0.3211
0.3135
0.3489
0.3431
0.3614
0.3734
0.3785
0.375
0.371
0.3709
0.3997
0.3279
0.3961
0.3964
0.3905
0.4272
0.4206
0.3903
0.4183
0.4226
0.4154
0.4182
0.4321
0.4295
0.4347
0.4275
0.4209
0.4401
0.4446
0.4332
0.4445
0.4259
0.4337
0.4287
0.4323
0.4359
0.4362
0.4269
0.441
0.438
0.4398
0.4538
0.4398
0.4385
0.4306
0.4318
0.429
0.453
0.4419
0.4357
0.4381
0.4475
0.4227
0.4421
0.4373
0.4459
0.4301
0.443
0.456
0.4498
0.4357
0.4662
0.4595
0.445
0.4561
0.445
0.4542
0.4604
0.4536
0.4511
0.4196
0.4504
0.45
0.4565
0.4544
0.4591
0.4561
0.4543
0.4389
0.4551
0.4645
0.451
0.4624
0.4623
0.4641
0.4637
0.45
0.4827
0.4434
0.4453
0.4448
0.4578
0.4768
0.4587
0.4694
0.469
0.4822
0.4567
0.4565
0.4646
0.4667
0.4525
0.4647
0.4651
0.4645
0.4744
0.4707
0.468
0.4594
0.469
0.4664
0.4557
0.4744
0.4541
0.4625
0.4644
0.4634
0.4827
0.4578
0.4674
0.4713
0.46
0.4673
0.4659
0.4483
0.4799
0.4707
0.4856
0.4838
0.469
0.4727
0.4739
0.4646
0.4645
0.4845
0.4698
0.4817
0.4824
0.4501
0.473
0.4722
0.4659
0.4731
0.4739
0.4852
0.484
0.4883
0.4832
