0.01624527281669624
0.02590705609588935
0.04773056323433306
0.027790046179642577
0.012889616837680721
0.027054143243996194
0.025331008665270303
0.06270231255703411
0.050511978777315794
0.05473465284645752
0.06261508515436907
0.04769747256290304
0.043350740093643925
0.05126443428169495
0.037202717941330836
0.04826429552186814
0.06361427163424536
0.0521610540111639
0.06555857431844188
0.047277055745890105
0.04474865609403505
0.014641114104542132
0.03715708396643755
0.03305389538314664
0.03408707803389561
0.022204253846704426
0.019226081821895537
0.025285964486252026
0.021473911820832497
0.021846789746372868
0.024116522690194476
0.008802019970186136
0.03384320053160194
0.02221130843111726
0.016747603476982065
0.014744113703064304
0.005546370184383881
0.009785703858180027
0.013298203721639333
0.011691972554801132
0.004290558109254379
0.014156349184101892
0.0015107025591499696
0.002485960578931214
0.011314003122974045
0.006488108781112984
0.010734057946554978
0.0049179941710688095
0.013092576352863303
0.006461338010728776
0.002960105103239127
0.008730533902472538
0.006593094030035441
0.011801224041974975
0.017426480488676503
0.010819837747807894
0.0047415421776276995
0.007344083030273811
0.005323532661682462
0.0009030811456095952
0.004302970550161317
0.002683695627716027
0.013099872772919078
0.003419876540981484
0.009328212881123366
0.008048326258021347
0.0012364824660660934
0.005134415470355129
0.0029329545209945285
0.0035223098481914506
0.0030922843048824173
0.005483510635431364
0.004384822307308115
0.0024913182588072913
0.0061530480251660415
0.003910953279643652
0.0069139151153469
0.00139283882771841
0.005404319260246082
0.0022395436042987917
0.0016438437341250655
0.004325377311736953
0.004973932046178358
0.0023795424396766615
0.000817856276425699
0.004878752117316713
0.004699645376692426
0.0018372685039360682
0.0025037749277618568
0.0056840908586060545
0.004620485784946104
0.0015282524515130068
0.006248377567194713
0.002718251071716659
0.005328122454381934
0.0038131351929875123
0.0035565276448930897
0.0006944222218666819
0.0033950945004030154
0.0032427697352040686
0.0006649979114419788
