0.03828962725798669
0.048461141363181116
0.07069183514066919
0.05545041829318235
0.036539506777672245
0.04503571422277606
0.04891859451056301
0.052716284643994686
0.054654449854416136
0.03263505272964432
0.033495206953964136
0.014533715591303183
0.016434584130897757
0.01700535863256705
0.01557690598289658
0.0035555902776082545
0.010234690463755554
0.006373033465748927
0.009576359781601054
0.010619583586730498
0.002752372713779084
0.0072860597490459
0.017838597353927666
0.005508982563857776
0.0062877305568508094
0.0033469720976163227
0.01169643820428535
0.01037218502641668
0.008654992136847317
0.0021234144411510568
0.0006599663291074239
0.005895949645495801
0.007476333028668254
0.00400083324654587
0.0018080068829760708
0.007640680597957249
0.009106896043963354
0.0038560198247531265
0.002275961335348218
0.0006377042156569773
0.0020853989759489354
0.004556558155255164
0.003082207001484467
0.003991101212558896
0.0005887840577552129
0.018339756450582077
0.008897315450304236
0.006762149559619824
0.002334285520001527
0.005495048275998665
0.0037142368739157333
0.008000555536266732
0.0022425184255405474
0.0024124676163629743
0.003532704346531127
0.0042499673201357785
0.0027796882319185497
0.0011585431464655287
0.004003609482565577
0.0017632041540584598
0.0017795130420052098
0.0024458581770458554
0.005002888054802873
0.0019482185594936858
0.0008653836657165209
0.0018239152027072483
0.005430981085914
0.004104469108991639
0.0011430952132988265
0.003395094500402987
0.0016659998666132617
0.004257542327055203
0.006162791575252242
0.0011897712198383232
0.0011614167593455992
0.0035668224265054714
0.0005557777333510921
0.0006944222218666693
0.0025368396787254035
0.0024390344173235686
0.0054383412503773145
0.003739280976634725
0.00130979218029256
0.0008286535263103614
0.0037703521792474323
0.0026318561257535856
0.0019258475767539214
0.003761500882478814
0.0018457157599876223
0.0032321303604073166
0.0025152865973217973
0.004089281382128434
0.0034499597421161913
0.00047842333648027654
0.0018239152027072483
0.0015195028426722103
0.0002624669291337498
0.0008602325267042583
0.00134907375632319
0.0019154343864745142
0.002483277404291907
