0.006681483534531983
0.04422045780958047
0.05649403114980872
0.02558571650137806
0.01261595110256145
0.02002021200908946
0.014679085651209846
0.015428616989938606
0.006836340801595185
0.013310897790907978
0.00873473271231327
0.008110213040084446
0.008904306074403906
0.018839910356002843
0.012149714217032214
0.015295823685641217
0.007006822072491604
0.008916775700267965
0.009986769024842577
0.0029488227406128564
0.003536790761253636
0.010632131593533958
0.014643845882220376
0.00520064098613494
0.00211817531537564
0.00481456124688431
0.0013695092389449483
0.0023795424396766468
0.0030342489460601003
0.004014418457953212
0.000571547606649397
0.004404795366668246
0.004974825513411388
0.0021228911104121152
0.002485066509282073
0.0010873004286867096
0.005142200134399925
0.0017568911937472461
0.0032148958856478512
0.0011145502331533328
0.005162040940041714
0.00262339898266012
0.00450653845971483
0.0044191502451137255
0.0017907168024750965
0.0006649979114419788
0.004071308825863654
0.0016779617264870675
0.0019754043186705115
0.003536476589299935
0.001049867716534896
0.002852289528704199
0.0021400934559032726
0.003725885427951636
0.00414487635521255
0.004099864496405813
0.0022837590843947913
0.0012328828005937975
0.0052179178478265744
0.0023762715894162277
0.0028546258754675808
0.0011085526098877085
0.0006548960901463016
0.00482378366937087
0.0014522013940527763
0.001488474237451089
0.00222261107708927
0.004722522866246634
0.003266326512902363
0.001114550233153347
0.001463633226673339
0.0014704496666741599
0.003065217048686028
0.0009877021593352638
0.0024850665092821245
0.0023837412238375106
0.0016858891488535739
0.004481319250201048
0.003047403266170497
0.002397684067780605
0.0007586537784494201
0.0028331372481167354
0.0008498365855988055
0.0008178562764256869
0.001023067283548212
0.001673983937265321
0.002023747898221422
0.0006236095644623438
0.0006128258770283642
0.0026449112566502863
0.0017172329163188263
0.002041241452319317
0.0013274871834493174
0.003355923452974217
0.0017107503227141783
0.0032967997950874993
0.0012754084313139258
0.0011860297916438198
0.0015195028426722103
0.001451436070471794
0.001358921140709287
