0.017927694280699402
0.028299862583097843
0.008038380157441872
0.013918173571110378
0.015991733975887542
0.02782640632365037
0.01686442672873552
0.04221771613381703
0.0507941160196949
0.024705240109921756
0.03477022992286491
0.01657032152843013
0.021251980299884236
0.004289781139198369
0.018409116099247023
0.009609139168289541
0.019947486614163235
0.01580323454936435
0.004057092555020168
0.024947188663699587
0.006413180871368661
0.013628972407664815
0.004819635763093372
0.008247827996913287
0.008811734600330766
0.0039046980250291644
0.0011614167593456514
0.004203437746522314
0.004817560470703924
0.0038270963754087057
0.000953356643071657
0.005781772123569823
0.004825626038833341
0.012567683424826807
0.011444940658066642
0.00815366311679739
0.0032273139846559088
0.006868931665275352
0.012099862258169171
0.003635320557468802
0.0019067132861433633
0.0030684777260973376
0.004291334938635703
0.0024280765135299026
0.001665999866613301
0.0004546060565661858
0.0017461067804944988
0.0020237478982213703
0.0022454893057465967
0.0037853518844209017
0.0006798692684790502
0.0006531972647421995
0.003657868231634368
0.0008993825042154609
0.0020336065390226333
0.002531578339472964
0.0023622023622035743
0.0025139610179953187
0.0010208928554075616
0.0017907168024750965
0.0008993825042154746
0.00351599519655849
0.003644478319625777
0.0012684198393626948
0.0013888444437332944
0.002217105219775417
0.0006018490028422446
0.0014055445761539007
0.0008576453553512366
0.0005312459150169598
0.002735365098523829
0.0027940412786261006
0.0026537185649993323
0.0002828427124746402
0.0030944394574066903
0.0015173075568988253
0.0010984838035522893
0.0012027745701779203
0.001557776192739732
0.001811690432226806
0.0019482185594936858
0.0013928388277184471
0.0023098821518760778
0.0006377042156570006
0.0004546060565661939
0.002209575122556907
0.0029465610840812653
0.0011440668201153786
0.0019938795238317263
0.002899425230397679
0.0006599663291074613
0.0011841546445554459
0.0017913371790059117
0.0019815818596935503
0.0013719410418170993
0.0015326085243430297
0.003225247621845823
0.0013299958228840097
0.0007586537784494201
0.0019362047641943605
0.0024944382578492965
