0.03010658842623432
0.03071199548493499
0.02784317191381439
0.00720293150198046
0.038028089033707115
0.01801079922959802
0.017382238699955227
0.009803514109179895
0.020613749456774424
0.017531748977846512
0.03120217228904994
0.0287291180202634
0.024445903996829835
0.016362830507654302
0.012976988179936918
0.006303614483417885
0.007554395335755777
0.006709694478886495
0.007688953114696444
0.008782305442700653
0.014021966893255616
0.01805774687557179
0.005470527092215766
0.013826303434637453
0.0062887907334311125
0.009817105253360346
0.006689461031270663
0.010930182472808418
0.00988163279355527
0.006987767088912519
0.004249705872175134
0.004202380277890132
0.01627970788708717
0.019136236713511758
0.004892397730720165
0.0029352266617001426
0.00751945624511656
0.01012071582887736
0.0017133463034528528
0.0065283994975798045
0.0035928942217784577
0.010755773643335314
0.0033826353959926234
0.008180871999161628
0.0042208477294917186
0.007331363371767152
0.007780459855018553
0.0015326085243429896
0.003419876540981496
0.0005557777333510921
0.004196294661828318
0.004089281382128434
0.004364248694410857
0.0016573070526208122
0.0007318166133366955
0.0020542638584173964
0.004460443425888893
0.003758545818087976
0.0036935379004718813
0.0025573423705088933
0.002458093208611555
0.0024513035081133684
0.0060146118374800744
0.0014988884770611316
0.00736764699359453
0.001405544576153868
0.003419876540981496
0.005966759775809863
0.0017962924780410261
0.004348179695765398
0.0014445299120013837
0.0042245315322135615
0.0017594190960528973
0.0014142135623730965
0.0009177266598624013
0.0019304576314093836
0.001275408431313949
0.0039135093657171
0.003021037349432571
0.0029578520735305362
0.0033589019369761595
0.00357988205888905
0.0026662499674428063
0.0035649528592800357
0.005232165474787243
0.003988594851434417
0.002289589968143228
0.0022015146301278005
0.0030269162892657157
0.001084230397819358
0.0009177266598624013
0.0019304576314093948
0.0011575836902789974
0.0018080068829761226
0.0012328828005937977
0.0013670731102939984
0.002596150997149466
0.0029877527787062217
0.0032887011958455227
0.0009392668535737245
0.0010077477638553876
