0.011842390899739071
0.014425209415002164
0.015219943057274128
0.03331826326006005
0.020298494744411182
0.0253722070165149
0.011158355115736773
0.013787192124093522
0.022011966442520913
0.01916947805468079
0.01926262933477384
0.012444632935080469
0.008631853154965535
0.008169999320005393
0.007864265170164756
0.0038784303812524953
0.010378289304547683
0.007626416079799332
0.004505798732990863
0.00409959347578104
0.007148115524776804
0.009127735510823888
0.01288056244458636
0.0026599916457679673
0.00422873766297018
0.0038784303812524562
0.008598578693921204
0.003229379025275437
0.005820843772360015
0.006712343521867454
0.009512214370072939
0.006695935749061171
0.005131817958146543
0.005734302243710371
0.004832068800098856
0.0028331372481167354
0.0026587382136812145
0.004374420596553949
0.0014839886193034457
0.0016048537489614413
0.00732908968123295
0.0053281224543819065
0.0065428502114054906
0.006499914529352577
0.00147271480229161
0.003922867431979923
0.0072475283143059975
0.0016858891488535424
0.005309948733797333
0.0028963578661638013
0.006529080248311299
0.0099546750602697
0.0032259365565160433
0.004115283168331868
0.0016027753706895406
0.005327496806401895
0.003271425105702728
0.0021463146709340365
0.0030506829836393287
0.0011775681155103503
0.004304261454264474
0.003094439457406698
0.0049071376585541095
0.004772374205314953
0.004228737662970138
0.0035178907822096188
0.0017782638224465449
0.002817011813172887
0.0036536131279719286
0.0019866219234335315
0.0030641293851417306
0.0024850665092821245
0.004597342227369596
0.0025935818218569126
0.0013670731102939984
0.00278846831711522
0.0018116904322268148
0.0019293061504650137
0.0016990193249832857
0.0019014614262602195
0.0018061622912192382
0.0032499572646762635
0.0039194670839570005
0.003324989557209978
0.003793268892247024
0.0052668776329055
0.0037956115010188605
0.0052772046472435484
0.00386810318143433
0.003348963355361704
0.004143267631552026
0.0020981473309141406
0.0009463379711052118
0.0010402991022884721
0.0057277104209855715
0.0016519348924484904
0.00016329931618552722
0.0014719601443880011
0.0015577761927396893
0.0010338708279514128
0.002242518425540584
