0.8037
0.8131
0.8027
0.8534
0.9015
0.9057
0.9265
0.9164
0.9268
0.9245
0.9389
0.9549
0.925
0.9372
0.945
0.9496
0.9475
0.9491
0.9505
0.9592
0.9502
0.9446
0.9564
0.9517
0.9652
0.961
0.9573
0.9648
0.9627
0.9676
0.9695
0.9703
0.9693
0.9688
0.9699
0.9723
0.9587
0.9758
0.9733
0.9672
0.9716
0.9718
0.9702
0.9761
0.9767
0.978
0.9745
0.9777
0.9678
0.9729
0.9782
0.9781
0.9737
0.9729
0.968
0.9716
0.9781
0.9807
0.9786
0.9737
0.9739
0.9766
0.9774
0.9783
0.9764
0.9756
0.9737
0.9786
0.9737
0.9807
0.9769
0.976
0.9772
0.9819
0.9814
0.9723
0.9822
0.9787
0.9783
0.9788
0.9805
0.9743
0.9788
0.9839
0.9804
0.9812
0.9785
0.9828
0.9789
0.9826
0.9816
0.9813
0.9839
0.971
0.9831
0.9813
0.9839
0.9825
0.9828
0.9831
0.984
0.9815
0.9842
0.9777
0.9816
0.9827
0.9804
0.9798
0.9839
0.9852
0.9845
0.9844
0.9811
0.9817
0.9845
0.9859
0.9826
0.982
0.982
0.9822
0.9833
0.9817
0.9853
0.9835
0.9806
0.9825
0.9821
0.9856
0.9842
0.9826
0.9824
0.9828
0.9814
0.9841
0.9828
0.9812
0.9797
0.9805
0.981
0.9841
0.9854
0.9795
0.9814
0.9832
0.9847
0.9816
0.9818
0.9818
0.9848
0.9819
0.9834
