0.8383
0.8481
0.9091
0.8653
0.9174
0.9335
0.9463
0.9295
0.9392
0.9569
0.9568
0.9434
0.9634
0.9633
0.9637
0.9652
0.9663
0.9588
0.9686
0.9669
0.9703
0.9732
0.9731
0.9643
0.9656
0.9688
0.9674
0.9688
0.973
0.9774
0.9753
0.98
0.9741
0.9567
0.9734
0.9794
0.9761
0.9812
0.9792
0.9616
0.9537
0.9815
0.9796
0.9763
0.9794
0.9788
0.9776
0.9801
0.9807
0.978
0.9795
0.9829
0.9779
0.9758
0.983
0.9819
0.9817
0.9802
0.9798
0.9794
0.9801
0.9723
0.9746
0.9824
0.9798
0.9846
0.9795
0.9808
0.9819
0.9788
0.9834
0.9842
0.9823
0.9811
0.9833
0.984
0.9802
0.979
0.982
0.9824
0.9833
0.9857
0.9831
0.9757
0.9817
0.9853
0.9844
0.985
0.9821
0.9799
0.9821
0.9824
0.9831
0.9841
0.9836
0.9848
0.9872
0.9835
0.9842
0.9795
0.982
0.9854
0.9849
0.9848
0.9828
0.9834
0.985
0.9837
0.9832
0.983
0.9838
0.9815
0.985
0.9833
0.9855
0.9837
0.9856
0.984
0.9832
0.9854
0.9816
0.9848
0.9852
0.985
0.9835
0.9842
0.9839
0.9852
0.9844
0.9847
0.9858
0.9856
0.9844
0.9861
0.9849
0.9846
0.9853
0.984
0.983
0.9837
0.9842
0.9868
0.9841
0.9837
0.9831
0.9862
0.9851
0.9871
0.9841
0.9847
0.9832
