0.8537
0.8598
0.8223
0.8677
0.9046
0.9044
0.9063
0.8286
0.924
0.9201
0.9285
0.9189
0.918
0.9354
0.9283
0.9298
0.9448
0.9436
0.9398
0.9453
0.9364
0.9306
0.9422
0.9461
0.9515
0.9242
0.9404
0.9406
0.9497
0.9419
0.9409
0.9462
0.9481
0.952
0.946
0.9449
0.9516
0.947
0.9422
0.9523
0.9538
0.9515
0.9534
0.9614
0.9499
0.9589
0.9592
0.9536
0.9586
0.9653
0.9644
0.9623
0.9555
0.9511
0.9659
0.9624
0.9541
0.9615
0.9594
0.9529
0.9585
0.9671
0.9599
0.9654
0.9562
0.9653
0.9604
0.9638
0.9577
0.964
0.9665
0.9674
0.9616
0.9634
0.9637
0.9664
0.9608
0.963
0.9663
0.9646
0.9651
0.9591
0.9612
0.9683
0.966
0.9677
0.9688
0.9634
0.9671
0.9661
0.97
0.9722
0.9685
0.9577
0.9623
0.9615
0.9647
0.9676
0.9721
0.9707
0.9657
0.9655
0.9611
0.9675
0.9706
0.9698
0.9713
0.9673
0.9733
0.9722
0.9725
0.9717
0.9709
0.9698
0.972
0.9665
0.9677
0.9685
0.9728
0.9726
0.9732
0.9721
0.9716
0.9673
0.9722
0.9724
0.9719
0.9711
0.9734
0.9717
0.9738
0.9743
0.9654
0.9726
0.972
0.9703
0.9762
0.9726
0.9657
0.9733
0.9711
0.9654
0.9701
0.9747
0.9724
0.9712
0.9734
0.9663
0.9752
0.9705
0.9744
