0.1281
0.2072
0.2016
0.2085
0.2478
0.2877
0.1903
0.3024
0.3133
0.3331
0.3185
0.3228
0.359
0.3531
0.3769
0.3821
0.3745
0.3494
0.3662
0.4067
0.3387
0.415
0.3787
0.3584
0.3724
0.3966
0.3762
0.4316
0.4438
0.4274
0.4543
0.4393
0.45
0.4271
0.4448
0.4548
0.4566
0.4292
0.4494
0.4653
0.4577
0.4863
0.4515
0.4359
0.4579
0.4636
0.4237
0.4541
0.4933
0.5086
0.481
0.4964
0.3906
0.4974
0.4901
0.4968
0.4773
0.5065
0.5146
0.5015
0.5066
0.5098
0.5243
0.5013
0.5053
0.4888
0.5059
0.5237
0.5099
0.5201
0.5143
0.5216
0.511
0.5029
0.5278
0.5013
0.5399
0.5153
0.5325
0.4965
0.5548
0.5538
0.4942
0.556
0.5406
0.5374
0.5301
0.5519
0.5397
0.5437
0.5503
0.5352
0.5369
0.5597
0.5262
0.5236
0.5472
0.5388
0.5641
0.5571
0.5487
0.5608
0.5377
0.5722
0.5505
0.5722
0.5863
0.5613
0.5426
0.5622
0.5639
0.5671
0.5959
0.5458
0.5722
0.5899
0.5785
0.5613
0.5629
0.5905
0.608
0.5874
0.596
0.5946
0.5913
0.6064
0.6163
0.582
0.5966
0.5982
0.5921
0.5762
0.5468
0.5985
0.5996
0.568
0.6265
0.5991
0.6016
0.6056
0.6175
0.5856
0.5959
0.6125
0.6043
0.6205
0.6222
0.6196
0.5926
0.6292
0.6196
