0.7753
0.8751
0.8872
0.9127
0.9389
0.9498
0.9555
0.9537
0.9391
0.9635
0.9721
0.9698
0.9735
0.9791
0.9778
0.9757
0.9749
0.9705
0.98
0.9778
0.9702
0.9766
0.978
0.9792
0.9846
0.9863
0.9842
0.9836
0.985
0.9798
0.9811
0.9789
0.9862
0.9822
0.9871
0.9836
0.9857
0.9843
0.9855
0.9828
0.9812
0.9793
0.987
0.9865
0.9806
0.9871
0.9858
0.9881
0.9818
0.9854
0.9861
0.9864
0.985
0.9871
0.9873
0.9898
0.9865
0.9858
0.9867
0.9887
0.9877
0.9876
0.9873
0.9904
0.9874
0.9888
0.9865
0.988
0.9858
0.9882
0.9888
0.9873
0.9875
0.9892
0.9869
0.9849
0.9861
0.9867
0.9896
0.9897
0.9868
0.9868
0.9842
0.9881
0.9887
0.9884
0.9881
0.9895
0.9882
0.9895
0.9878
0.9905
0.9899
0.9905
0.9886
0.9864
0.9862
0.9876
0.9872
0.9893
0.9896
