0.1786
0.1869
0.2786
0.3063
0.2674
0.3092
0.3627
0.2829
0.366
0.3684
0.379
0.386
0.3942
0.3986
0.4264
0.3826
0.4221
0.4137
0.4216
0.4073
0.4075
0.4381
0.4324
0.435
0.456
0.4623
0.4088
0.4557
0.4554
0.4557
0.4645
0.4503
0.4392
0.4835
0.4835
0.4767
0.3916
0.4818
0.4623
0.4916
0.475
0.4642
0.486
0.4961
0.4846
0.4859
0.5067
0.5057
0.4752
0.5122
0.4887
0.5043
0.5078
0.5061
0.5075
0.4791
0.5183
0.5157
0.5207
0.5302
0.4893
0.5255
0.5201
0.5178
0.5439
0.5363
0.5401
0.5514
0.5442
0.5154
0.5273
0.5355
0.5317
0.5498
0.5426
0.5395
0.5514
0.5426
0.5385
0.5534
0.5476
0.5563
0.561
0.5388
0.5562
0.5484
0.55
0.5353
0.5542
0.538
0.5423
0.5422
0.5851
0.5686
0.5587
0.5661
0.565
0.5395
0.5824
0.5752
0.5836
0.5889
0.5798
0.5898
0.5913
0.5754
0.5805
0.5719
0.5842
0.5712
0.5932
0.5853
0.597
0.59
0.5869
0.6061
0.5856
0.6039
0.6042
0.6084
0.596
0.6065
0.6103
0.587
0.6022
0.5939
0.6071
0.5895
0.6152
0.5949
0.5853
0.5827
0.5886
0.6211
0.6318
0.5846
0.6169
0.6121
0.6115
0.5994
0.6121
0.6372
0.6243
0.6229
0.6278
0.6233
0.6164
0.6372
0.6226
0.5958
0.6156
