0.1077
0.2242
0.2636
0.2643
0.2719
0.3003
0.3363
0.3193
0.3262
0.3367
0.3174
0.3747
0.3693
0.3158
0.3714
0.3481
0.3725
0.389
0.387
0.3377
0.3949
0.3807
0.4049
0.3787
0.3856
0.4225
0.3406
0.3963
0.4085
0.4158
0.4199
0.4033
0.3957
0.407
0.4217
0.4129
0.3751
0.4114
0.3741
0.4079
0.4208
0.4218
0.4248
0.4213
0.421
0.4104
0.4079
0.4318
0.4121
0.4058
0.4247
0.4258
0.4059
0.427
0.4069
0.3879
0.4105
0.4216
0.4228
0.4293
0.4508
0.4354
0.4188
0.4424
0.4254
0.4366
0.425
0.4407
0.4211
0.4253
0.4292
0.4364
0.4516
0.4329
0.4345
0.422
0.4626
0.4364
0.4538
0.4514
0.4445
0.4328
0.4543
0.4415
0.4385
0.4596
0.4629
0.4321
0.4564
0.4417
0.4516
0.4551
0.4227
0.4593
0.4554
0.456
0.4371
0.4449
0.4559
0.4486
0.4351
0.4221
0.4569
0.4511
0.4704
0.4723
0.4504
0.4641
0.4784
0.4385
0.4432
0.4643
0.4603
0.461
0.4557
0.4692
0.4774
0.459
0.4542
0.4509
0.4512
0.4533
0.4708
0.4525
0.4705
0.4537
0.4587
0.4542
0.4553
0.457
0.4683
0.4806
0.449
0.4593
0.4679
0.4781
0.4594
0.4589
0.4796
0.4894
0.4509
0.4665
0.4787
0.4732
0.4823
0.476
0.4865
0.4493
0.4662
0.4716
0.4593
