0.1296
0.2276
0.2176
0.3064
0.2893
0.3391
0.3563
0.3674
0.3652
0.3722
0.3752
0.3646
0.4051
0.3575
0.3995
0.4108
0.4058
0.3936
0.3751
0.3629
0.4337
0.4295
0.4531
0.4556
0.4319
0.4325
0.4198
0.4475
0.4513
0.4381
0.4648
0.4856
0.4728
0.4625
0.4349
0.4696
0.451
0.4775
0.4858
0.4628
0.4699
0.4983
0.4823
0.4872
0.4778
0.4973
0.4889
0.4893
0.4956
0.4854
0.4916
0.4988
0.5127
0.4975
0.4774
0.5011
0.5012
0.5188
0.4712
0.5161
0.5247
0.511
0.4739
0.5281
0.4999
0.5276
0.5159
0.5195
0.4998
0.5312
0.5068
0.5343
0.5292
0.5326
0.5254
0.5349
0.5281
0.5337
0.5409
0.5256
0.5317
0.5413
0.5433
0.5051
0.5524
0.5395
0.5508
0.5431
0.5485
0.5542
0.5559
0.5371
0.568
0.559
0.5598
0.5612
0.5508
0.5525
0.5642
0.5645
0.5559
0.535
0.5782
0.5828
0.5607
0.5601
0.5514
0.5626
0.5943
0.5844
0.576
0.5758
0.5822
0.5847
0.5739
0.5825
0.5631
0.5744
0.595
0.5716
0.5827
0.5877
0.583
0.6042
0.5799
0.6126
0.5804
0.5968
0.62
0.6102
0.5874
0.609
0.5957
0.5849
0.6202
0.5888
0.6141
0.5955
0.6041
0.6184
0.6142
0.6163
0.6225
0.6038
0.6029
0.6116
0.587
0.6115
0.5981
0.6116
0.623
