0.5646333333333333
0.6178
0.6573666666666665
0.7042333333333333
0.7124
0.7268333333333333
0.7379000000000001
0.7540666666666667
0.7587333333333333
0.7970333333333333
0.8180333333333333
0.8505333333333333
0.8401666666666667
0.8425333333333334
0.8565666666666667
0.8863333333333333
0.8818333333333332
0.8833000000000001
0.8969999999999999
0.9002333333333334
0.9050666666666666
0.9133000000000001
0.9135333333333332
0.9150999999999999
0.9145333333333333
0.9158666666666667
0.9125
0.9236333333333334
0.9429333333333333
0.9390333333333333
0.9427
0.9426
0.9491
0.9494666666666666
0.9546333333333333
0.9540000000000001
0.9562
0.9523
0.9558333333333332
0.9592
0.9598333333333334
0.9619333333333334
0.9634
0.9632666666666667
0.9652333333333333
0.9648
0.9664999999999999
0.9652
0.9674333333333333
0.9662666666666667
0.9678333333333332
0.9654333333333334
0.9682666666666666
0.9691333333333333
0.9683999999999999
0.9713666666666668
0.9716333333333332
0.9701666666666666
0.971
0.9696333333333333
0.9728333333333333
0.9733333333333333
0.9728666666666667
0.9715333333333334
0.9739333333333332
0.9723333333333333
0.9723666666666667
0.9735333333333333
0.9733666666666667
0.9752333333333333
0.9727666666666667
0.9737999999999999
0.9755333333333334
0.9765333333333333
0.9750666666666666
0.9777333333333332
0.9754666666666667
0.9771
0.9757666666666666
0.9763000000000001
0.9770666666666666
0.9774666666666668
0.9791666666666666
0.9781666666666666
0.9786
0.9782333333333333
0.9777
0.9773666666666667
0.9799000000000001
0.9793
0.9798333333333332
0.9798
0.9793333333333334
0.9798
0.9804
0.9802666666666667
0.9797333333333333
0.9789666666666667
0.9809333333333333
0.9809333333333333
0.9817333333333332
