0.5809000000000001
0.6245999999999999
0.6669999999999999
0.6817666666666667
0.7084666666666667
0.7275666666666667
0.7531333333333333
0.7549333333333333
0.7880666666666668
0.7947666666666667
0.7587333333333333
0.7664
0.8258666666666666
0.8240333333333334
0.8274666666666666
0.8448666666666668
0.8682333333333334
0.8545333333333334
0.8865333333333333
0.8693
0.8720333333333334
0.8744666666666666
0.8914333333333334
0.9041666666666667
0.9047000000000001
0.9052000000000001
0.9185666666666666
0.922
0.9308
0.9281666666666667
0.9371333333333333
0.9386000000000001
0.9382333333333334
0.9412333333333333
0.9403666666666667
0.9471333333333334
0.9460000000000001
0.9480666666666666
0.9498666666666667
0.9487666666666668
0.9490333333333334
0.9501333333333334
0.9502666666666667
0.9553666666666666
0.9573
0.9634666666666667
0.9590333333333333
0.9594333333333335
0.9661333333333334
0.9665333333333334
0.9586333333333333
0.9607000000000001
0.9632000000000001
0.9649
0.9661
0.9651000000000001
0.9674
0.9697
0.9693999999999999
0.9708666666666667
0.9728666666666665
0.9716999999999999
0.9725
0.9742000000000001
0.9721666666666667
0.9743333333333334
0.9719666666666665
0.9747666666666666
0.9732
0.9747
0.9748333333333333
0.9758333333333332
0.9744666666666667
0.9759000000000001
0.9759000000000001
0.9780333333333333
0.9768666666666667
0.9769666666666666
0.9778666666666668
0.9769666666666668
0.9786999999999999
0.9794666666666667
0.9794999999999999
0.9803666666666667
0.979
0.9807666666666667
0.9788666666666667
0.9795666666666666
0.9775
0.9791333333333334
0.9799666666666665
0.9792666666666667
0.9792666666666667
0.9802
0.9802333333333334
0.9805666666666667
0.9818000000000001
0.9802333333333332
0.9809333333333333
0.9810333333333333
0.9819333333333334
