0.6034333333333334
0.6166666666666667
0.6501
0.6414
0.6685333333333333
0.6814
0.6967
0.6576
0.6919
0.6855666666666668
0.7004333333333334
0.7116666666666666
0.7376999999999999
0.7329333333333334
0.7579333333333333
0.7456333333333335
0.7474666666666666
0.7599666666666667
0.7629000000000001
0.7791
0.8169333333333334
0.8243333333333333
0.8129666666666667
0.8409
0.8362666666666666
0.8506666666666667
0.8510333333333334
0.8531999999999998
0.8667333333333334
0.8653333333333334
0.8819
0.8766666666666666
0.8736666666666667
0.8869666666666666
0.8904666666666666
0.8896666666666667
0.9002666666666667
0.8886
0.8957666666666667
0.9033666666666665
0.9147333333333334
0.9036333333333334
0.9173666666666667
0.9195000000000001
0.9198000000000001
0.9158333333333334
0.9241999999999999
0.9302999999999999
0.9244666666666667
0.9246333333333334
0.9279333333333334
0.9309333333333334
0.9212333333333333
0.9280333333333334
0.9302333333333334
0.9298666666666667
0.9364333333333333
0.9309333333333333
0.9379
0.9412666666666668
0.9365666666666667
0.9423666666666666
0.9419
0.9518666666666666
0.9385333333333333
0.9442333333333334
0.9459666666666666
0.9457333333333332
0.9494666666666666
0.9507
0.9489333333333333
0.9503666666666666
0.9495999999999999
0.9545
0.9558
0.9537333333333334
0.9537333333333334
0.9597000000000001
0.9565999999999999
0.9568666666666666
0.9569333333333333
0.9580333333333334
0.9596999999999999
0.9610333333333333
0.9610333333333333
0.9606666666666667
0.9601999999999999
0.9635333333333334
0.9597333333333333
0.9584333333333334
0.9611333333333333
0.9618666666666668
0.9624666666666667
0.9658666666666668
0.9669333333333334
0.9665
0.9655666666666667
0.9651666666666667
0.9646
0.9657333333333334
0.9679666666666668
