0.5795666666666667
0.6111333333333332
0.6711666666666667
0.7085666666666666
0.7068333333333333
0.7245333333333335
0.7082666666666667
0.7348333333333333
0.7258333333333334
0.7713333333333333
0.7942666666666667
0.8338666666666666
0.8210999999999999
0.8255333333333335
0.8405666666666667
0.8551666666666667
0.8722666666666666
0.8636666666666667
0.8905
0.8671333333333333
0.8981333333333333
0.9048333333333334
0.8951666666666668
0.9128999999999999
0.9144
0.9169999999999999
0.9344333333333333
0.9306666666666668
0.9256666666666667
0.9293
0.9404666666666667
0.9391333333333334
0.9392
0.9356
0.9369999999999999
0.9412666666666666
0.9466666666666667
0.9473666666666668
0.9438
0.9534666666666668
0.9574333333333334
0.9523333333333334
0.9542333333333334
0.9551666666666666
0.9588666666666666
0.9585
0.9589666666666666
0.9622666666666667
0.9645333333333334
0.9625666666666667
0.9658666666666665
0.9635000000000001
0.9657999999999999
0.9668666666666667
0.9687666666666667
0.9645666666666667
0.9712999999999999
0.9676
0.9716666666666667
0.9725999999999999
0.9690666666666666
0.9701666666666666
0.9687333333333333
0.9714333333333333
0.9719666666666668
0.9725333333333334
0.9738666666666665
0.9731666666666667
0.9727333333333332
0.9729666666666668
0.9739333333333334
0.9737999999999999
0.9750333333333333
0.9762
0.9755666666666666
0.9771333333333333
0.9767
0.9773999999999999
0.9779
0.9769333333333333
0.9758333333333334
0.9782000000000001
0.9777666666666667
0.9786
0.9805
0.9785333333333334
0.9780666666666665
0.9784333333333333
0.9805666666666667
0.9787
0.9807333333333332
0.9802666666666667
0.9792666666666667
0.9795999999999999
0.9796333333333332
0.9797666666666668
0.9799666666666665
0.9829666666666667
0.9812333333333333
0.9821666666666666
0.9822333333333333
