0.5844666666666667
0.6040666666666666
0.6391333333333334
0.7027666666666667
0.7249666666666666
0.7452666666666667
0.7456333333333333
0.7713333333333333
0.7963333333333334
0.7973
0.7982333333333335
0.8106666666666666
0.8205
0.8400666666666666
0.8363333333333333
0.8298333333333333
0.8519333333333333
0.8773333333333334
0.8834666666666667
0.8853666666666667
0.8959333333333334
0.8937666666666667
0.9024666666666666
0.9086
0.8931999999999999
0.89
0.9119666666666667
0.9187666666666666
0.9164
0.9340666666666667
0.9349
0.9342666666666667
0.9374666666666668
0.9388
0.9456666666666665
0.9436666666666667
0.9452666666666666
0.9484
0.9508333333333333
0.9526666666666667
0.9519000000000001
0.9523333333333334
0.9580666666666667
0.9562333333333334
0.9598
0.9553333333333334
0.9628333333333332
0.9605666666666667
0.9640333333333334
0.9629
0.9610666666666666
0.9587333333333333
0.9635000000000001
0.9632666666666667
0.9639000000000001
0.9625666666666667
0.9661333333333334
0.9658000000000001
0.9653
0.9664
0.9680666666666667
0.9698666666666668
0.9687333333333333
0.9676333333333332
0.9732666666666666
0.9697333333333334
0.9714
0.9710666666666666
0.9705333333333334
0.9712666666666667
0.9731333333333333
0.9732333333333334
0.9708666666666667
0.9729666666666666
0.9736666666666666
0.9709333333333334
0.9750666666666667
0.9714333333333333
0.9737
0.9739666666666666
0.9763333333333333
0.9735
0.9774333333333334
0.9781666666666666
0.9784999999999999
0.9783666666666667
0.9780666666666665
0.9779333333333334
0.9780333333333333
0.9760333333333334
0.9769333333333333
0.9777
0.9788333333333333
0.9778333333333333
0.9792000000000001
0.9786333333333334
0.9792
0.9798
0.9798333333333332
0.9803000000000001
0.9794
