0.5561666666666667
0.6189
0.6778
0.6879
0.7290333333333333
0.7411666666666666
0.7628666666666666
0.7886000000000001
0.8241
0.8028666666666666
0.8103333333333333
0.7984666666666667
0.8149333333333333
0.8239333333333333
0.834
0.8475333333333334
0.8593333333333334
0.8585333333333334
0.8635333333333334
0.8769
0.8733333333333334
0.8770333333333333
0.8770666666666666
0.8888666666666666
0.8879666666666667
0.8918333333333334
0.9020333333333334
0.8941666666666667
0.8953666666666665
0.9027333333333334
0.9037333333333333
0.9014666666666665
0.9008333333333333
0.9133333333333334
0.9073666666666668
0.9087
0.9124333333333333
0.9129333333333333
0.9114666666666666
0.9157666666666667
0.9155666666666665
0.9191666666666666
0.9233333333333333
0.9229333333333333
0.9168666666666666
0.9235333333333333
0.9232
0.9222666666666667
0.9278666666666666
0.9263333333333333
0.9264666666666667
0.9257333333333332
0.9268000000000001
0.9304333333333332
0.9311666666666666
0.9373333333333332
0.9318333333333334
0.9367999999999999
0.9382
0.9366
0.9354
0.9355333333333333
0.9357000000000001
0.9381333333333334
0.9379666666666666
0.9438333333333334
0.9385666666666665
0.9436333333333332
0.9414666666666666
0.9403
0.9448333333333333
0.9458666666666667
0.9389666666666666
0.9424
0.9476666666666667
0.9438333333333334
0.9444333333333333
0.9492333333333334
0.9449
0.9458333333333333
0.9457666666666666
0.9483666666666667
0.9474333333333332
0.9492333333333334
0.9481666666666667
0.9487000000000001
0.9495
0.9528333333333334
0.9502333333333333
0.9530666666666666
0.9505
0.9545666666666666
0.9537333333333334
0.9528666666666666
0.9526
0.9546333333333333
0.9533999999999999
0.9523
0.9552
0.9550666666666666
0.9550666666666666
