0.5521
0.6086
0.5681
0.5821
0.5927
0.6648
0.6778
0.7469
0.7728
0.7707
0.7951
0.7856
0.795
0.8067
0.8145
0.8225
0.8547
0.8688
0.8783
0.8595
0.8713
0.8789
0.9021
0.8981
0.8863
0.8878
0.9032
0.8991
0.901
0.9069
0.9076
0.915
0.8946
0.913
0.9116
0.9191
0.9073
0.9278
0.9209
0.9299
0.9326
0.9411
0.9346
0.9407
0.9329
0.9434
0.9477
0.9455
0.94
0.9522
0.9573
0.9526
0.9394
0.9561
0.9574
0.9605
0.9599
0.9582
0.9596
0.9589
0.96
0.9694
0.9671
0.9677
0.9615
0.9627
0.9648
0.9609
0.9713
0.9675
0.9654
0.959
0.967
0.9638
0.9678
0.9625
0.9606
0.9615
0.9685
0.9653
0.9688
0.9725
0.9694
0.9665
0.9722
0.9695
0.969
0.9698
0.9733
0.9699
0.9731
0.9721
0.9717
0.9721
0.9653
0.9752
0.9775
0.9714
0.9758
0.9735
0.9779
