0.5757
0.5716
0.6598
0.7009
0.7082
0.7468
0.728
0.7887
0.7858
0.7958
0.8434
0.8573
0.8497
0.8253
0.8599
0.8676
0.9004
0.8786
0.89
0.8797
0.8934
0.9208
0.9016
0.9231
0.9257
0.9153
0.9351
0.9249
0.9256
0.924
0.9392
0.9347
0.9396
0.919
0.9234
0.9331
0.9428
0.9387
0.9267
0.9533
0.9595
0.9492
0.9484
0.9535
0.9584
0.958
0.9565
0.9612
0.9673
0.9675
0.9652
0.9627
0.964
0.968
0.9704
0.9633
0.968
0.9642
0.9711
0.971
0.9678
0.966
0.9727
0.9697
0.9739
0.9742
0.9747
0.9744
0.9727
0.973
0.9754
0.9763
0.9783
0.9764
0.979
0.9784
0.9771
0.979
0.9777
0.9793
0.9785
0.9763
0.9808
0.9795
0.981
0.9815
0.9801
0.9785
0.9798
0.9807
0.98
0.9817
0.981
0.9823
0.98
0.9794
0.983
0.9837
0.9802
0.9815
0.9829
