0.5406
0.6
0.6564
0.6455
0.7046
0.7053
0.7523
0.8075
0.8288
0.7991
0.8008
0.811
0.8105
0.8349
0.8309
0.8509
0.8729
0.8693
0.8698
0.8825
0.8834
0.8899
0.8923
0.8874
0.8886
0.8871
0.892
0.898
0.8972
0.9059
0.9037
0.9016
0.9016
0.9145
0.904
0.9049
0.9158
0.9117
0.91
0.9143
0.9111
0.914
0.9204
0.9164
0.917
0.9227
0.9157
0.9199
0.9228
0.9225
0.9218
0.9163
0.9239
0.9258
0.9289
0.9298
0.9273
0.9349
0.9388
0.935
0.9344
0.9396
0.9335
0.9411
0.9386
0.9411
0.941
0.9436
0.9441
0.9431
0.941
0.9481
0.9406
0.9416
0.9496
0.9401
0.9426
0.9519
0.9462
0.9485
0.9437
0.9451
0.9475
0.9464
0.952
0.9503
0.9484
0.9577
0.9524
0.9532
0.9515
0.9561
0.9525
0.9514
0.9577
0.9557
0.9536
0.9518
0.9554
0.9562
0.9573
