0.5684333333333332
0.6276666666666667
0.6311333333333333
0.6909333333333333
0.6995333333333335
0.7467333333333332
0.6941333333333333
0.7191000000000001
0.7465333333333334
0.7844000000000001
0.7687666666666667
0.7760333333333334
0.8019333333333334
0.7926333333333333
0.7965
0.8348333333333334
0.8423666666666666
0.8455666666666667
0.8527
0.8624666666666667
0.8632333333333334
0.8705999999999999
0.8800333333333333
0.8868666666666667
0.8934666666666667
0.9000333333333334
0.8948
0.8941666666666667
0.8992666666666667
0.9098666666666667
0.9133666666666667
0.9220666666666667
0.9169333333333333
0.9222
0.9289333333333333
0.9215
0.9237666666666667
0.9287666666666666
0.9269
0.9345
0.9373666666666667
0.9397666666666668
0.9439000000000001
0.9418666666666665
0.9427
0.9303
0.9428333333333333
0.9434999999999999
0.9446666666666667
0.9482333333333334
0.9490333333333334
0.9463666666666667
0.9483333333333334
0.9508000000000001
0.9500000000000001
0.9473666666666666
0.9526
0.9558666666666666
0.9489666666666666
0.9543666666666667
0.9565999999999999
0.9598666666666666
0.9564333333333334
0.9577666666666667
0.9590666666666666
0.9603
0.9600666666666666
0.9611999999999999
0.9578000000000001
0.9592
0.9634333333333333
0.9627
0.9573
0.9633333333333333
0.9625666666666666
0.9659333333333332
0.9643666666666667
0.9636333333333335
0.9671333333333333
0.9660666666666667
0.9617666666666667
0.9661666666666666
0.9665666666666667
0.9631
0.9689333333333333
0.9663
0.9672666666666667
0.9667333333333333
0.9700000000000001
0.969
0.9701000000000001
0.9675666666666666
0.9720333333333334
0.9726333333333333
0.9725999999999999
0.9726666666666667
0.9714666666666667
0.9706
0.9712999999999999
0.9707666666666667
0.9724
