0.5268999999999999
0.5865
0.6258333333333334
0.6456666666666667
0.6545333333333333
0.6637666666666666
0.6928333333333333
0.7025666666666668
0.7366
0.7371666666666666
0.7508666666666667
0.7700666666666667
0.7945666666666668
0.7913666666666668
0.7822666666666667
0.8132333333333334
0.8254666666666667
0.8419
0.8529
0.8591666666666665
0.8487666666666667
0.8596666666666666
0.8765
0.8747999999999999
0.8964666666666666
0.8810666666666668
0.8942333333333333
0.8972333333333333
0.9021
0.9061333333333333
0.9135
0.9119999999999999
0.9106333333333333
0.9027666666666666
0.9143333333333333
0.9277666666666667
0.9277666666666667
0.9229666666666666
0.9335333333333332
0.9300999999999999
0.9292333333333334
0.9301
0.9410333333333334
0.941
0.9461333333333334
0.9398666666666666
0.9441333333333333
0.9477666666666668
0.9480333333333334
0.9553333333333333
0.9541333333333334
0.9508333333333333
0.9526
0.9554999999999999
0.9498333333333333
0.9533999999999999
0.9564666666666667
0.9549
0.9541666666666667
0.9565999999999999
0.9570666666666666
0.9571333333333333
0.9588333333333333
0.9619
0.9546666666666667
0.9564666666666667
0.9597333333333333
0.9581666666666667
0.9621
0.9622999999999999
0.9625
0.9624999999999999
0.9635333333333334
0.9619
0.9639666666666667
0.965
0.9598999999999999
0.9632333333333333
0.9642
0.9626666666666667
0.9651333333333333
0.9676333333333332
0.9647333333333333
0.9685333333333334
0.9660333333333333
0.9687333333333333
0.9734666666666666
0.9693999999999999
0.9666333333333333
0.9684666666666667
0.9707666666666667
0.9689
0.9729000000000001
0.9707666666666667
0.9723
0.9725333333333334
0.9714999999999999
0.9722
0.9728333333333333
0.9743666666666666
0.9731666666666667
