0.5737666666666666
0.6521666666666667
0.6167666666666667
0.6410333333333332
0.6575333333333333
0.6977333333333333
0.6778666666666666
0.7249
0.7624333333333334
0.7825333333333333
0.7866
0.7949999999999999
0.8089666666666666
0.8043
0.8298333333333333
0.8289333333333334
0.8515333333333333
0.8620333333333333
0.8713000000000001
0.8645666666666667
0.8718666666666667
0.8751333333333333
0.8897
0.8951666666666668
0.8978
0.8967666666666667
0.8967999999999999
0.9014000000000001
0.9089999999999999
0.9112333333333332
0.9128666666666666
0.9163333333333332
0.9042666666666667
0.9174000000000001
0.9175999999999999
0.914
0.923
0.9307333333333333
0.9335
0.9337333333333332
0.9352
0.9386000000000001
0.9408333333333333
0.9443999999999999
0.9429333333333334
0.9429666666666666
0.9497
0.9491
0.9420999999999999
0.9494666666666668
0.9533999999999999
0.9540666666666667
0.9474333333333332
0.9558333333333332
0.9570666666666666
0.9568333333333333
0.9564333333333334
0.9559000000000001
0.9589
0.9550666666666666
0.9617666666666667
0.9632000000000001
0.9631666666666666
0.9652
0.9621
0.9626
0.9626
0.9582666666666667
0.9662666666666667
0.9646
0.9647
0.9627666666666667
0.967
0.9638
0.9680666666666666
0.9669666666666666
0.9612000000000002
0.9651333333333333
0.9678000000000001
0.9691333333333333
0.9705333333333334
0.9702999999999999
0.9682666666666667
0.9677666666666668
0.9722333333333332
0.9693
0.9706
0.9720333333333334
0.9729
0.9704
0.9710000000000001
0.9703333333333334
0.9695666666666667
0.9724
0.9678333333333334
0.9738666666666665
0.9748
0.9719666666666665
0.9731333333333333
0.9732
0.9755666666666666
