0.2054
0.238
0.2706
0.2968
0.3097
0.3069
0.3386
0.3028
0.3312
0.341
0.3417
0.3165
0.3385
0.3366
0.354
0.355
0.3477
0.3486
0.3605
0.3555
0.3581
0.3578
0.3385
0.3414
0.3665
0.3635
0.3715
0.364
0.3544
0.3799
0.3657
0.3765
0.3762
0.3914
0.3693
0.3575
0.3625
0.3539
0.3862
0.3785
0.389
0.3634
0.3861
0.3842
0.3722
0.3737
0.3745
0.3731
0.3842
0.3905
0.3915
0.3783
0.3833
0.387
0.4014
0.3817
0.3762
0.387
0.3864
0.3698
0.405
0.3877
0.3903
0.4153
0.3881
0.3905
0.3989
0.3973
0.3859
0.3938
0.3978
0.3879
0.3995
0.3926
0.4186
0.3952
0.3987
0.3965
0.4095
0.3965
0.391
0.4011
0.4052
0.3744
0.4087
0.4007
0.4074
0.3913
0.3905
0.4156
0.3973
0.395
0.4015
0.405
0.4056
0.4124
0.4184
0.41
0.4439
0.4124
0.41
0.3953
0.4077
0.4249
0.4171
0.4102
0.3894
0.4157
0.4101
0.4252
0.4226
0.4063
0.4229
0.4134
0.4196
0.4124
0.4278
0.4097
0.419
0.4235
0.4192
0.4352
0.4189
0.428
0.4264
0.4263
0.4168
0.4209
0.42
0.4267
0.4157
0.4069
0.4337
0.4277
0.4217
0.4155
0.411
0.4137
0.4279
0.4232
0.431
0.4289
0.4374
0.4434
0.4302
0.43
0.3991
0.4385
0.4172
0.4268
0.4335
