0.1493
0.2194
0.2649
0.2481
0.2827
0.303
0.2921
0.3388
0.3321
0.3252
0.2926
0.341
0.324
0.351
0.3368
0.3449
0.341
0.3283
0.3347
0.3426
0.3422
0.316
0.332
0.3559
0.3655
0.3609
0.3514
0.3419
0.3429
0.3574
0.3678
0.3581
0.3644
0.3406
0.3662
0.36
0.3445
0.3501
0.3661
0.3431
0.3478
0.3602
0.3577
0.3711
0.3556
0.3593
0.3427
0.3543
0.361
0.3491
0.3747
0.3584
0.3622
0.3437
0.3937
0.3595
0.3585
0.3824
0.4083
0.3782
0.3755
0.3924
0.3864
0.3949
0.3774
0.3993
0.3793
0.3719
0.3713
0.3871
0.3568
0.3943
0.3786
0.3958
0.3749
0.3697
0.3962
0.3852
0.392
0.3943
0.3793
0.3931
0.3983
0.3953
0.3763
0.3944
0.3749
0.3891
0.406
0.409
0.3909
0.3713
0.3963
0.395
0.3729
0.3851
0.3997
0.4004
0.4074
0.4026
0.3951
0.414
0.4112
0.3895
0.3948
0.3909
0.3978
0.3898
0.4014
0.3902
0.3869
0.393
0.4048
0.4137
0.4211
0.4083
0.3913
0.422
0.4075
0.413
0.4096
0.4051
0.4225
0.4023
0.3755
0.3925
0.4224
0.4009
0.3979
0.4179
0.4049
0.4066
0.4085
0.404
0.4098
0.4108
0.3936
0.4104
0.42
0.4302
0.4316
0.3907
0.4083
0.3924
0.4083
0.4273
0.4228
0.4125
0.4246
0.4095
0.4293
