0.1213
0.2101
0.2108
0.2897
0.3012
0.3183
0.3094
0.3492
0.3245
0.3601
0.3848
0.3523
0.3948
0.3835
0.3925
0.3746
0.389
0.4125
0.3913
0.4069
0.4216
0.396
0.4087
0.4397
0.4361
0.4249
0.4413
0.4435
0.4459
0.4241
0.4525
0.4518
0.4268
0.4514
0.4427
0.4735
0.4358
0.4705
0.4275
0.4765
0.4883
0.4121
0.4843
0.4913
0.4756
0.4327
0.4472
0.4973
0.4937
0.4894
0.4852
0.5006
0.4956
0.498
0.5037
0.511
0.5151
0.4907
0.5067
0.5107
0.4928
0.5179
0.4931
0.4955
0.5259
0.5296
0.4956
0.5098
0.522
0.5055
0.5219
0.5317
0.5376
0.5409
0.5296
0.5344
0.5023
0.541
0.5418
0.5171
0.5383
0.5353
0.5448
0.5288
0.5363
0.544
0.5535
0.5359
0.5584
0.5618
0.5525
0.5444
0.5675
0.5681
0.553
0.5747
0.5474
0.5775
0.5633
0.5559
0.5573
