0.1584
0.2305
0.2748
0.277
0.3085
0.3166
0.3067
0.3024
0.3182
0.3373
0.3393
0.3438
0.3413
0.35
0.3371
0.3262
0.3551
0.3503
0.3659
0.3612
0.3504
0.3575
0.3592
0.3668
0.3694
0.3423
0.3713
0.3621
0.3717
0.3567
0.371
0.3668
0.3517
0.3698
0.3588
0.3741
0.3489
0.3662
0.3697
0.3708
0.3619
0.3758
0.3789
0.384
0.3619
0.3793
0.3799
0.3821
0.369
0.3823
0.3776
0.3737
0.3769
0.3819
0.3768
0.4112
0.3933
0.3843
0.4082
0.3951
0.3941
0.3778
0.3963
0.3992
0.3865
0.3582
0.389
0.3979
0.396
0.397
0.3929
0.3869
0.3877
0.3933
0.3821
0.3978
0.4121
0.3954
0.3957
0.4037
0.3945
0.3941
0.4166
0.4136
0.3962
0.4028
0.4065
0.4193
0.4018
0.3857
0.4003
0.4041
0.4114
0.4004
0.3953
0.4218
0.3875
0.4078
0.4144
0.4096
0.401
0.4143
0.4213
0.3784
0.4065
0.3978
0.4146
0.4203
0.4059
0.406
0.4115
0.3882
0.4174
0.4045
0.4043
0.4085
0.4151
0.4126
0.4127
0.4238
0.411
0.4156
0.4018
0.4078
0.4194
0.4295
0.4111
0.4268
0.4116
0.4391
0.4365
0.4163
0.421
0.4241
0.4286
0.4281
0.4236
0.4399
0.4347
0.4353
0.424
0.4383
0.4234
0.4291
0.4134
0.4218
0.4237
0.4158
0.4162
0.4231
0.4313
