0.7972
0.8381
0.8791
0.8974
0.891
0.8806
0.9223
0.9348
0.894
0.9314
0.9489
0.9449
0.9388
0.9469
0.951
0.9549
0.9281
0.9532
0.9603
0.9599
0.9479
0.9546
0.9465
0.9517
0.9607
0.9563
0.9608
0.9637
0.9666
0.9717
0.9686
0.9611
0.9603
0.9645
0.961
0.9719
0.9611
0.9756
0.9715
0.9767
0.9733
0.973
0.9712
0.9776
0.9767
0.9784
0.9742
0.9751
0.9755
0.976
0.9785
0.9755
0.9758
0.9713
0.9795
0.9793
0.9798
0.976
0.9824
0.9737
0.9825
0.982
0.9792
0.9828
0.9777
0.9797
0.9799
0.9776
0.982
0.9839
0.9833
0.9831
0.9842
0.983
0.9865
0.986
0.9854
0.9844
0.9841
0.9818
0.98
0.9839
0.9844
0.9856
0.9822
0.9814
0.9845
0.9853
0.9838
0.9853
0.9842
0.9844
0.9856
0.985
0.9834
0.9856
0.9856
0.9869
0.9863
0.9868
0.9888
