0.7942
0.8365
0.8773
0.8756
0.8767
0.8938
0.9161
0.9308
0.8661
0.9248
0.9283
0.9397
0.9518
0.9469
0.9519
0.9457
0.9462
0.9348
0.9556
0.9515
0.959
0.9556
0.9488
0.9452
0.9592
0.9488
0.9539
0.9666
0.9594
0.9684
0.9513
0.9494
0.9727
0.9652
0.9639
0.967
0.9614
0.9653
0.9669
0.9617
0.9715
0.9678
0.9735
0.9695
0.9725
0.9709
0.9729
0.9745
0.9739
0.9743
0.9705
0.9758
0.9738
0.9774
0.9782
0.9792
0.9783
0.9761
0.9775
0.973
0.9788
0.9785
0.978
0.9776
0.9813
0.9789
0.978
0.9807
0.9773
0.9813
0.979
0.9775
0.9801
0.9779
0.9791
0.9791
0.9749
0.9823
0.9817
0.9819
0.9804
0.9812
0.9805
0.9827
0.9809
0.9806
0.9815
0.9799
0.9812
0.9812
0.9817
0.9812
0.982
0.9779
0.9824
0.9813
0.9834
0.9835
0.9819
0.9844
0.9822
