0.1441
0.2656
0.2703
0.3092
0.3258
0.3355
0.3331
0.3575
0.3552
0.3551
0.3751
0.3809
0.3675
0.3587
0.3836
0.3948
0.405
0.4074
0.4037
0.3951
0.4046
0.4143
0.3948
0.4161
0.4029
0.4179
0.3548
0.4085
0.3978
0.4359
0.4171
0.4303
0.4031
0.4266
0.4121
0.4328
0.4187
0.4269
0.4194
0.4154
0.4178
0.4359
0.4263
0.4439
0.4352
0.3977
0.4268
0.4323
0.4348
0.4434
0.4338
0.445
0.43
0.4308
0.4306
0.443
0.453
0.4461
0.4141
0.4312
0.4173
0.4519
0.4411
0.4518
0.4361
0.4482
0.4572
0.4455
0.4412
0.4366
0.4307
0.4431
0.4586
0.4579
0.444
0.4485
0.4415
0.4472
0.4358
0.4385
0.4569
0.4561
0.4458
0.4435
0.471
0.4651
0.4603
0.4615
0.4502
0.4814
0.4486
0.4668
0.4587
0.464
0.4501
0.4617
0.4669
0.4593
0.4543
0.4404
0.4486
0.4634
0.4512
0.4358
0.4615
0.4444
0.474
0.4446
0.4649
0.4631
0.4625
0.4642
0.4572
0.4501
0.4626
0.4631
0.4646
0.4515
0.4642
0.4669
0.4673
0.4609
0.4587
0.4694
0.469
0.4516
0.4625
0.47
0.4524
0.4582
0.4614
0.4781
0.4565
0.4802
0.4682
0.4612
0.4701
0.4636
0.4846
0.4822
0.46
0.4511
0.4632
0.4948
0.4774
0.4589
0.4845
0.4749
0.4807
0.4778
0.4759
