0.8598
0.8709
0.894
0.8878
0.9147
0.9079
0.9172
0.914
0.92
0.9238
0.9304
0.9054
0.9351
0.93
0.9444
0.9317
0.9489
0.9512
0.9542
0.9448
0.9221
0.9489
0.9336
0.9404
0.9576
0.956
0.9491
0.9579
0.9557
0.9537
0.9578
0.9533
0.9551
0.952
0.9543
0.9621
0.9662
0.9516
0.9587
0.9611
0.9627
0.9626
0.9602
0.9595
0.962
0.9629
0.9567
0.9682
0.9696
0.9648
0.9642
0.964
0.9711
0.9607
0.9676
0.9648
0.9612
0.9667
0.9703
0.9595
0.9647
0.964
0.9648
0.9713
0.9641
0.9663
0.9684
0.968
0.9677
0.9723
0.9698
0.9638
0.9713
0.9702
0.9709
0.964
0.9734
0.9722
0.9721
0.9659
0.9746
0.9755
0.9701
0.9731
0.9717
0.9691
0.9705
0.9648
0.9702
0.9703
0.9675
0.9727
0.9718
0.9748
0.972
0.9707
0.9721
0.9774
0.9751
0.9741
0.9701
0.9665
0.9703
0.9707
0.9744
0.9719
0.9779
0.9762
0.9778
0.9776
0.9699
0.9706
0.9762
0.9775
0.9748
0.9773
0.9773
0.978
0.9756
0.9797
0.9754
0.9787
0.9736
0.9746
0.9793
0.9798
0.9762
0.9731
0.9744
0.9757
0.9772
0.9812
0.9792
0.9735
0.9763
0.977
0.9781
0.9743
0.9753
0.9795
0.9808
0.9752
0.9733
0.9779
0.9743
0.9754
0.9759
0.9824
0.9752
0.9784
0.9727
