0.8174
0.8712
0.866
0.8928
0.8886
0.9263
0.9158
0.9206
0.9265
0.9292
0.935
0.9395
0.9312
0.9308
0.9465
0.94
0.9349
0.9316
0.9355
0.9511
0.9439
0.9386
0.9477
0.9498
0.9332
0.953
0.9347
0.9365
0.9249
0.944
0.9553
0.9412
0.9478
0.9359
0.9468
0.9401
0.952
0.9527
0.9507
0.953
0.9461
0.9472
0.9452
0.9454
0.941
0.9435
0.9518
0.9496
0.9284
0.9542
0.9528
0.9509
0.9605
0.9482
0.9486
0.9585
0.954
0.9529
0.9618
0.9535
0.9604
0.962
0.9486
0.9561
0.951
0.9584
0.9605
0.9433
0.9577
0.9644
0.9581
0.9277
0.9578
0.959
0.9488
0.9536
0.9627
0.9499
0.9592
0.9655
0.9621
0.9639
0.9565
0.9598
0.9652
0.9642
0.9578
0.96
0.9582
0.9652
0.9655
0.9657
0.9639
0.9606
0.9555
0.9537
0.9575
0.9611
0.9511
0.9666
0.9644
0.958
0.9637
0.9638
0.9612
0.9659
0.9647
0.9606
0.962
0.9558
0.9629
0.9672
0.9597
0.9603
0.9669
0.9621
0.9665
0.9619
0.9703
0.9698
0.9634
0.9601
0.9606
0.9559
0.9609
0.9679
0.9704
0.9668
0.9628
0.9664
0.9622
0.9666
0.9646
0.9696
0.9601
0.9618
0.9652
0.9616
0.9618
0.9603
0.9591
0.9633
0.9637
0.9657
0.9669
0.9691
0.9711
0.9697
0.9628
0.9733
0.9723
