0.1421
0.2386
0.2253
0.2444
0.2487
0.2692
0.2924
0.3336
0.3301
0.3145
0.3087
0.3456
0.3345
0.352
0.3542
0.3103
0.3313
0.3536
0.3294
0.301
0.3529
0.3613
0.361
0.3588
0.3798
0.368
0.3481
0.3732
0.3783
0.3682
0.4093
0.3612
0.3465
0.3632
0.3987
0.3989
0.3921
0.4099
0.4031
0.3999
0.3959
0.4133
0.3714
0.3967
0.4135
0.4194
0.4035
0.4228
0.4367
0.4212
0.428
0.404
0.3991
0.4177
0.4382
0.4251
0.3952
0.4346
0.428
0.4135
0.4109
0.4705
0.4475
0.4569
0.4292
0.4417
0.4394
0.4594
0.4467
0.4494
0.4614
0.4304
0.4392
0.4446
0.4513
0.4435
0.452
0.4665
0.4513
0.4599
0.4538
0.4488
0.4464
0.463
0.4725
0.479
0.504
0.467
0.4469
0.4879
0.4822
0.4283
0.454
0.4722
0.477
0.4723
0.4769
0.4932
0.4699
0.4619
0.4898
0.4896
0.4768
0.4743
0.4787
0.475
0.5031
0.4954
0.475
0.4713
0.4943
0.5009
0.5162
0.5124
0.4855
0.5224
0.4927
0.4854
0.5008
0.532
0.4915
0.445
0.5398
0.5341
0.4928
0.5377
0.5116
0.5
0.506
0.5195
0.4935
0.4946
0.4973
0.5134
0.5106
0.5196
0.5243
0.5286
0.5167
0.5326
0.5281
0.5093
0.5115
0.5111
0.5332
0.5371
0.5237
0.5542
0.5109
0.5264
0.5224
