0.605
0.6518
0.7176
0.6671
0.6574
0.7191
0.726
0.7088
0.7184
0.7117
0.7219
0.7242
0.7588
0.7377
0.7817
0.7072
0.7221
0.7496
0.7301
0.7785
0.7599
0.8045
0.7783
0.8099
0.8266
0.8301
0.8321
0.8183
0.848
0.8615
0.8555
0.8672
0.8605
0.8585
0.8716
0.87
0.8925
0.8748
0.8784
0.9025
0.9188
0.8997
0.9155
0.9201
0.9134
0.907
0.9153
0.9237
0.9068
0.917
0.9262
0.9186
0.9225
0.9119
0.9056
0.9165
0.9308
0.9225
0.9305
0.9401
0.9307
0.9396
0.9234
0.9496
0.9267
0.9346
0.9453
0.9385
0.9455
0.9462
0.9457
0.946
0.9438
0.9531
0.9471
0.9548
0.9633
0.9611
0.949
0.9585
0.9572
0.9639
0.9667
0.9587
0.9618
0.9663
0.9546
0.9635
0.9622
0.9504
0.9643
0.964
0.9627
0.9687
0.9601
0.967
0.9669
0.9658
0.9623
0.9674
0.9674
