0.5748
0.6155
0.634
0.6544
0.6929
0.6978
0.7473
0.7623
0.8
0.8295
0.8288
0.8375
0.8537
0.8725
0.8592
0.8603
0.8847
0.8934
0.8933
0.9013
0.9112
0.9038
0.9149
0.9135
0.9065
0.9186
0.9198
0.9184
0.9297
0.9222
0.9319
0.9401
0.9354
0.9403
0.9313
0.9448
0.9517
0.9519
0.9517
0.9601
0.9539
0.9517
0.9463
0.9528
0.9509
0.9637
0.9641
0.9583
0.9675
0.9702
0.9603
0.9634
0.9624
0.965
0.9663
0.9644
0.9689
0.9722
0.9716
0.9735
0.9752
0.9727
0.9749
0.9771
0.9735
0.9722
0.9736
0.9764
0.9754
0.9757
0.9765
0.978
0.9752
0.9747
0.9765
0.9799
0.978
0.9739
0.9777
0.9752
0.9797
0.9805
0.9803
0.9807
0.9786
0.9789
0.9802
0.9801
0.9742
0.9804
0.9807
0.9809
0.9805
0.9823
0.9822
0.9816
0.9828
0.9808
0.9818
0.9832
0.9815
