0.5242
0.568
0.5512
0.6361
0.655
0.6921
0.6327
0.6617
0.6713
0.7397
0.7225
0.7602
0.813
0.7771
0.7935
0.8346
0.8492
0.8514
0.8393
0.8497
0.8668
0.8755
0.8574
0.8895
0.9011
0.9024
0.8908
0.8795
0.8887
0.9125
0.9129
0.9209
0.9091
0.9222
0.9305
0.9107
0.9113
0.9238
0.9256
0.9349
0.9349
0.9442
0.9404
0.9408
0.9419
0.9409
0.9464
0.9397
0.9478
0.9475
0.9477
0.9511
0.9475
0.9517
0.9452
0.9471
0.9559
0.9546
0.9534
0.9564
0.9551
0.959
0.9622
0.9567
0.9581
0.9628
0.9635
0.9554
0.9594
0.9552
0.9639
0.9584
0.9612
0.9647
0.9619
0.9696
0.9646
0.9645
0.9706
0.9671
0.9682
0.9713
0.9667
0.9642
0.9641
0.9678
0.9675
0.9659
0.9726
0.9649
0.9734
0.9679
0.9715
0.9722
0.9708
0.9707
0.9717
0.9716
0.9694
0.9689
0.9739
