0.5406
0.5852
0.6152
0.6715
0.7
0.7094
0.6903
0.7291
0.7423
0.7888
0.8109
0.8249
0.8318
0.842
0.848
0.8498
0.8637
0.8569
0.873
0.8717
0.877
0.8836
0.8728
0.8789
0.8834
0.8889
0.8793
0.8998
0.9406
0.9441
0.9431
0.9328
0.9513
0.9474
0.9549
0.9477
0.9523
0.9555
0.9568
0.9532
0.9587
0.9601
0.9614
0.9637
0.9667
0.964
0.9656
0.9685
0.9707
0.9694
0.967
0.9665
0.9672
0.9717
0.9652
0.9695
0.9711
0.9697
0.972
0.9701
0.9724
0.9725
0.9746
0.9716
0.9722
0.9704
0.973
0.9761
0.9761
0.9724
0.9724
0.977
0.976
0.9786
0.9754
0.9811
0.9778
0.9776
0.9746
0.9755
0.9772
0.979
0.9806
0.9794
0.9804
0.9785
0.9804
0.9775
0.9813
0.9809
0.9803
0.9789
0.9816
0.9795
0.9809
0.9817
0.9803
0.9787
0.9828
0.9805
0.9831
