0.5828
0.5901
0.6167
0.6543
0.6866
0.6682
0.6999
0.6947
0.7361
0.7356
0.7641
0.7628
0.777
0.7932
0.7867
0.8137
0.8349
0.8284
0.8544
0.8373
0.8692
0.8394
0.8645
0.8867
0.882
0.8815
0.8774
0.8774
0.8968
0.8938
0.9138
0.8884
0.9201
0.9127
0.9123
0.8935
0.9032
0.8946
0.9107
0.9181
0.9088
0.9226
0.9174
0.9222
0.9357
0.9224
0.9393
0.9355
0.9381
0.9328
0.9321
0.9376
0.9286
0.9398
0.9432
0.943
0.9424
0.9404
0.9428
0.9423
0.9381
0.9415
0.9503
0.9567
0.9495
0.9543
0.9449
0.9488
0.9525
0.9548
0.9531
0.947
0.9506
0.958
0.96
0.9579
0.9472
0.9578
0.9597
0.9537
0.9588
0.9566
0.9556
0.9601
0.9599
0.9544
0.9599
0.9613
0.9607
0.9622
0.9546
0.9611
0.9547
0.9667
0.9676
0.9709
0.9607
0.9655
0.9621
0.9612
0.9676
