0.5752
0.5722
0.6181
0.7386
0.7252
0.758
0.7437
0.7501
0.7899
0.7829
0.7999
0.8116
0.8329
0.8368
0.8255
0.8205
0.8456
0.8889
0.8974
0.8888
0.8912
0.9088
0.9094
0.9037
0.8953
0.8968
0.9139
0.9191
0.9125
0.9396
0.9344
0.9388
0.9383
0.9402
0.9469
0.9428
0.9399
0.9505
0.9463
0.9512
0.9483
0.9493
0.9615
0.9609
0.9573
0.9557
0.9672
0.9582
0.9649
0.9605
0.962
0.9556
0.9664
0.9594
0.9596
0.9631
0.9651
0.9674
0.9675
0.9653
0.9694
0.9683
0.9679
0.9726
0.9729
0.9681
0.9685
0.9666
0.9665
0.9722
0.9722
0.9714
0.9716
0.9734
0.9702
0.9694
0.9727
0.9651
0.9705
0.9745
0.9771
0.9705
0.9771
0.9792
0.9786
0.9795
0.9809
0.9786
0.9773
0.9723
0.9768
0.9752
0.9806
0.9731
0.9774
0.9742
0.9784
0.9812
0.9781
0.9789
0.9775
