0.5645
0.6015
0.5869
0.6415
0.6883
0.6816
0.6773
0.7048
0.7648
0.7564
0.7369
0.7464
0.7697
0.7793
0.7762
0.8096
0.8257
0.8403
0.8455
0.8491
0.8291
0.8675
0.8842
0.8858
0.894
0.891
0.9019
0.9042
0.9103
0.9149
0.9195
0.9128
0.9128
0.8767
0.9122
0.9249
0.9353
0.9337
0.9359
0.9392
0.9332
0.9428
0.9458
0.9488
0.9521
0.9484
0.9519
0.9498
0.9446
0.9548
0.9494
0.9505
0.9469
0.9577
0.9504
0.9547
0.9607
0.9551
0.9494
0.9581
0.9595
0.9542
0.9506
0.9627
0.9448
0.9577
0.9585
0.9633
0.9599
0.9573
0.9622
0.9638
0.9643
0.9609
0.9637
0.9675
0.9617
0.9577
0.9675
0.9635
0.9643
0.9723
0.9613
0.9735
0.9683
0.9713
0.9741
0.9681
0.9669
0.9677
0.9698
0.9662
0.9713
0.9733
0.9721
0.9735
0.9681
0.9705
0.9748
0.9755
0.9735
