0.01710211163050407
0.03735478550333277
0.03152801223603473
0.025166291387930462
0.009082217056791101
0.031911788138902844
0.037269111428455945
0.03516687203731502
0.03771952043998202
0.0280851483093032
0.01662374473122372
0.01820262496332755
0.0060035174874586905
0.03225381975656353
0.007373978271974744
0.02660643197090174
0.01584452236228308
0.0212364466582022
0.016973705154345833
0.020208469071709076
0.0198838851557961
0.02101253594087744
0.0289783060619875
0.025600520828035232
0.022484414355034673
0.020663386836517285
0.0234772230044356
0.01692027055207909
0.0016679994670929113
0.007810391937810922
0.0036851051545376628
0.008126910031904305
0.004752543178832438
0.006216286851668111
0.002863952203201415
0.0048504295342440325
0.0028083209693100545
0.007299771685927354
0.004663570401408003
0.005025932749251618
0.0008379870059984317
0.003934745509206704
0.0021602468994692888
0.001701633202413363
0.001184154644555447
0.001202774570177939
0.0006683312551920903
0.0024589970855344047
0.002361261433123326
0.002752372713779084
0.0008498365855987909
0.0019482185594936541
0.0009977753031397462
0.0020821996915655195
0.002315167380558081
0.00147271480229161
0.0007542472332656723
0.001268419839362695
0.0008602325267042583
0.001268419839362695
0.0010656244908764058
0.0006944222218666232
0.0018517259216441378
0.0017152907107024732
0.0019136933459210055
0.0013888444437332944
0.0012657891697364987
0.001815366507225331
0.0034499597421161488
0.0020531818125912285
0.0008178562764256824
0.0027434771124736027
0.001506283137025973
0.0014704496666742104
0.0015691469727919904
0.002389328124994321
0.002819377393838714
0.0003741657386774024
0.0011323525167641656
0.0010614455552060316
9.428090415819597e-05
0.0013572848714334775
0.00105303793326211
0.0009463379711052599
0.0016573070526208031
0.002212590236703463
0.0022045407685048896
0.00130979218029256
0.0015748015748023438
0.0017281975195754275
0.0005906681715556321
0.0010677078252031176
0.0024689178916188466
0.0012027745701779203
0.0010801234497346615
0.002242518425540569
0.0020401524997465835
0.000758653778449407
0.0015520595635763858
0.000833999733546446
0.0011025223605693843
