0.008839683252243848
0.007197684812956618
0.024063665556186564
0.021708728403314864
0.022369075876208105
0.02144828405464853
0.0049046463231873895
0.013648036081755096
0.010237621251486551
0.025435058919181276
0.06508913546480359
0.05760908493168995
0.02970503137330257
0.04579376473810482
0.023416423486281764
0.018142093472241695
0.024715087609708277
0.03632972459142632
0.018155684754062238
0.039598316462529905
0.029127573801392297
0.043550302971264054
0.033116192749502796
0.014782271664245502
0.006414566755959945
0.009525754563287867
0.005499292883837166
0.005666274496233572
0.007267736924242671
0.006014611837480089
0.0037383894333731225
0.0033950945004030154
0.004731689855526108
0.0006649979114419788
0.006424086619036895
0.0028859814429218066
0.0041206795556072776
0.0030641293851416864
0.004634891824220094
0.008133196720164129
0.0045257289161219506
0.006343675765849177
0.0034451253807211133
0.0023612614331233284
0.004572380853195293
0.001763204154058412
0.004434210439550872
0.0009843215373488753
0.0031329787033357787
0.002673740617354045
0.0016996731711975965
0.004032369030731217
0.004202380277890132
0.0008602325267042583
0.0012328828005937977
0.0031822423959633824
0.0013140268896284614
0.002731300056749523
0.0016309506430300178
0.002251419305435794
0.00215612821717283
0.0011430952132988458
0.0018184242262647677
0.002070426687102584
0.0009977753031397464
0.0015627610892974889
0.0013072447700751648
0.0018372685039361265
0.003398038649966567
0.001275408431313949
0.0013474255287605488
0.0015755069730795089
0.002423954528359722
0.0016268579122549684
0.0010677078252031176
0.0013199326582149003
0.0008379870059984317
0.0024143091949642478
0.0003858612300930162
0.0018979521127315986
0.0007257180352359148
0.0012552113589175118
0.001961292091114095
0.0002867441755681033
0.0002828427124745879
0.0014727148022916534
0.000997775303139697
0.000684754619472448
0.002342363478768148
0.0011585431464655287
0.0015584892970081448
0.0013072447700751646
0.0009177266598624509
0.001529705854077805
0.0017745108872274803
0.0008576453553512367
0.0009626352718795591
0.00040276819911982676
0.0006182412330330308
0.0015456030825826026
0.0009104333522498292
