0.015584892970081242
0.03267785522677738
0.03816082924791975
0.0432331919812647
0.059812057498653405
0.03007039888143972
0.0062055530687352
0.020848661028149203
0.008110213040084451
0.016102656785622543
0.006239123870117252
0.006707210050883054
0.012285583240349429
0.008419421991245393
0.011172088236115736
0.012644981437533068
0.002257333727111613
0.0086665384605902
0.009548123724934998
0.016877861897237514
0.0031689465477067187
0.004439469437769448
0.009414881836751869
0.002853457941204372
0.008660638929470905
0.00634157358670191
0.004667618950457147
0.0018779421361337443
0.00604207469886515
0.00796171394166412
0.004596617113583512
0.0015456030825826026
0.0070886450672106045
0.005198076567346789
0.011658759225006164
0.0052959103718498695
0.012394353553130552
0.008029252075311188
0.010541347162483524
0.0029261275129806768
0.005539554735415687
0.0022226110770893117
0.005925275427259797
0.002654555832275272
0.007328634858477355
0.003971845358968008
0.0038609152628187055
0.00254689353265239
0.0014899664425751563
0.0029318177903061393
0.003105908348078995
0.0020038851153585404
0.005687608362826033
0.0013199326582149227
0.003437376260399124
0.0028335294049804606
0.0038273866918419777
0.0017682382946500126
0.00390981670499614
0.005280361940456559
0.0012657891697365172
0.004530636452714653
0.004352266331719875
0.0036778616975991314
0.0027276363393971886
0.0011860297916438198
0.002084866102814916
0.0018838494867926194
0.004043375927228257
0.003821866908549598
0.0005715476066494359
0.0033806639716021537
0.0035109352979892433
0.0008164965809277268
0.0016438437341250594
0.003167894498804453
0.003536476589299935
0.002577250904010338
0.0005099019513592731
0.002926127512980628
0.0013888444437332944
0.0018832595855767585
0.0009392668535737245
0.0014522013940527932
0.0009392668535737245
0.00021602468994695627
0.0016083117442419873
0.001973716179078339
0.00319687347262917
0.0017907168024750965
0.0026242459234352483
0.002786076492528898
0.00228375908439474
0.00029439202887760016
0.005139606556493944
0.002548637980481996
0.0021648710508173027
0.0034120700787384837
0.004129837231121252
0.0037211109452241087
0.003586394041683375
