0.1095
0.2103
0.2152
0.2865
0.3021
0.3024
0.3329
0.3369
0.3146
0.3347
0.3345
0.3001
0.3361
0.3358
0.3449
0.3514
0.3656
0.3535
0.3547
0.3303
0.3768
0.3762
0.3669
0.3568
0.3909
0.3662
0.3672
0.3901
0.3929
0.359
0.3849
0.387
0.405
0.4034
0.4102
0.3967
0.3997
0.4091
0.4146
0.3965
0.4217
0.4089
0.402
0.408
0.429
0.3897
0.4256
0.4258
0.4085
0.4335
0.4314
0.4119
0.4202
0.4374
0.4262
0.4223
0.433
0.4265
0.4462
0.4239
0.4378
0.4434
0.4536
0.4453
0.4584
0.4394
0.4594
0.4666
0.4652
0.4475
0.4684
0.448
0.4652
0.4571
0.4583
0.4773
0.4774
0.4294
0.4757
0.4664
0.4763
0.4805
0.4669
0.4478
0.4641
0.4708
0.4854
0.4525
0.4785
0.4825
0.4654
0.4788
0.4617
0.4361
0.467
0.499
0.4813
0.4888
0.479
0.4812
0.5021
0.4726
0.482
0.4849
0.4837
0.4914
0.5195
0.5265
0.4619
0.4917
0.5023
0.5142
0.4684
0.4893
0.4977
0.4897
0.5124
0.5205
0.4935
0.5103
0.5358
0.5144
0.5014
0.5256
0.5037
0.5199
0.509
0.5125
0.4908
0.5211
0.5018
0.5354
0.517
0.5131
0.525
0.5307
0.5064
0.5357
0.5189
0.5295
0.5291
0.5057
0.5221
0.5229
0.5173
0.5737
0.5205
0.5292
0.5421
0.5333
0.5427
