0.85
0.8792
0.8953
0.9264
0.9342
0.9459
0.9571
0.9588
0.964
0.9638
0.97
0.9704
0.9736
0.9763
0.977
0.9792
0.9806
0.9794
0.981
0.9814
0.982
0.9821
0.9859
0.9835
0.9839
0.985
0.9864
0.9864
0.9861
0.9868
0.9857
0.9874
0.9886
0.9888
0.9874
0.9897
0.987
0.9884
0.988
0.9885
0.989
0.9881
0.9895
0.9887
0.9896
0.9895
0.9895
0.9889
0.9903
0.989
0.9888
0.9907
0.9895
0.9906
0.9895
0.9904
0.9894
0.9899
0.9885
0.9896
0.9893
0.9901
0.9892
0.9904
0.9908
0.9904
0.9903
0.9899
0.9916
0.9903
0.9907
0.9909
0.9902
0.9902
0.9907
0.9907
0.991
0.9893
0.9915
0.9915
0.9903
0.9909
0.991
0.9907
0.9913
0.9908
0.9914
0.9915
0.9912
0.991
0.9912
0.992
0.9915
0.9902
0.9912
0.9913
0.9915
0.9901
0.9908
0.9899
0.9909
0.9901
0.9909
0.9909
0.9915
0.9911
0.9907
0.9916
0.991
0.9919
0.9914
0.9912
0.9917
0.9912
0.9909
0.9894
0.9916
0.9924
0.9897
0.9913
0.9926
0.9915
0.9925
0.9921
0.9911
0.9914
0.9913
0.9909
0.9925
0.9913
0.9917
0.9905
0.9925
0.9914
0.9925
0.992
0.9912
0.9927
0.9926
0.9915
0.9913
0.9917
0.992
0.9925
0.9916
0.9933
0.9912
0.9919
0.9913
0.9917
0.9912
