0.8341
0.8782
0.9274
0.9418
0.9617
0.9641
0.9711
0.9757
0.9772
0.9805
0.9789
0.9798
0.9824
0.9865
0.9857
0.9838
0.9876
0.986
0.9862
0.987
0.9879
0.9872
0.9896
0.9862
0.9881
0.9885
0.9896
0.9864
0.9901
0.9888
0.9883
0.9902
0.988
0.989
0.9881
0.987
0.9901
0.9896
0.9904
0.9901
0.9906
0.9891
0.9891
0.9889
0.9907
0.9903
0.9913
0.9906
0.9924
0.991
0.9891
0.9917
0.9912
0.9908
0.9906
0.991
0.9891
0.9915
0.9918
0.9916
0.9913
0.9914
0.9904
0.9919
0.9906
0.9905
0.9907
0.9927
0.9916
0.9903
0.9927
0.9916
0.9926
0.9924
0.992
0.9934
0.9909
0.9919
0.9925
0.9915
0.9902
0.991
0.9909
0.9909
0.9913
0.992
0.9912
0.9924
0.9924
0.9912
0.992
0.9918
0.9919
0.9904
0.991
0.9923
0.9917
0.9922
0.9922
0.9916
0.9913
0.9921
0.9919
0.9908
0.9926
0.9918
0.9921
0.9919
0.9903
0.9915
0.9913
0.9923
0.9913
0.9919
0.9907
0.9927
0.9913
0.9918
0.9931
0.9916
0.9927
0.992
0.9909
0.9926
0.9921
0.9923
0.9912
0.9921
0.9921
0.9933
0.9918
0.9911
0.9912
0.9931
0.9931
0.9911
0.9916
0.9927
0.9916
0.9915
0.992
0.9921
0.9918
0.9918
0.9922
0.991
0.9929
0.9921
0.992
0.9923
0.9934
