0.8507
0.877
0.9103
0.9138
0.9255
0.9335
0.9426
0.9418
0.9414
0.9487
0.9583
0.956
0.9582
0.9588
0.9606
0.9594
0.9624
0.9683
0.9663
0.9646
0.9647
0.9696
0.9716
0.9702
0.9704
0.9704
0.9724
0.974
0.9714
0.9747
0.9761
0.9736
0.9758
0.9736
0.9764
0.9775
0.9763
0.9763
0.9771
0.9757
0.979
0.977
0.9786
0.9796
0.9796
0.9799
0.9784
0.9806
0.9799
0.9795
0.9792
0.9794
0.9796
0.9794
0.9807
0.9788
0.9797
0.9812
0.9812
0.9832
0.981
0.9813
0.9809
0.9821
0.9798
0.9821
0.9822
0.9832
0.9831
0.9821
0.9821
0.9802
0.9846
0.9823
0.9822
0.9813
0.9838
0.9818
0.9809
0.9815
0.9824
0.9809
0.9836
0.9825
0.9841
0.9829
0.9836
0.9841
0.9824
0.9848
0.9842
0.9834
0.9847
0.984
0.9843
0.9841
0.9832
0.9829
0.9848
0.9831
0.9855
0.9848
0.9843
0.984
0.9848
0.9853
0.9849
0.9832
0.9838
0.9851
0.9858
0.9862
0.9859
0.9838
0.9844
0.9834
0.9865
0.986
0.9858
0.9854
0.9842
0.9858
0.9858
0.9845
0.9859
0.9867
0.9845
0.985
0.9864
0.9831
0.9868
0.9866
0.9864
0.986
0.9868
0.9858
0.9858
0.9857
0.9878
0.9859
0.9861
0.9862
0.9847
0.9864
0.986
0.9867
0.9867
0.9874
0.9875
0.9872
0.9855
