0.8174
0.8531
0.9096
0.9332
0.943
0.9499
0.9503
0.9567
0.9611
0.9668
0.9654
0.9703
0.9702
0.9738
0.9759
0.9769
0.9789
0.9775
0.9801
0.9796
0.9797
0.9821
0.9816
0.983
0.9833
0.9846
0.9855
0.9858
0.9854
0.986
0.985
0.9848
0.9865
0.986
0.9872
0.9861
0.9859
0.9869
0.9864
0.9901
0.9878
0.989
0.9888
0.9885
0.9894
0.9886
0.9892
0.9881
0.9877
0.9878
0.989
0.9886
0.9886
0.9892
0.9903
0.9889
0.989
0.9896
0.99
0.9892
0.9896
0.9893
0.989
0.989
0.9913
0.9891
0.99
0.9915
0.991
0.9892
0.9918
0.9906
0.9892
0.9916
0.9908
0.9904
0.9902
0.9905
0.9909
0.9913
0.9903
0.9887
0.9903
0.9908
0.9885
0.991
0.9906
0.9898
0.9916
0.9908
0.9906
0.99
0.99
0.9896
0.9899
0.99
0.9914
0.9901
0.9911
0.9922
0.9921
0.9921
0.991
0.992
0.992
0.9911
0.9914
0.9917
0.9914
0.9909
0.9911
0.9901
0.9917
0.9911
0.9915
0.9913
0.9908
0.9911
0.9927
0.9918
0.9919
0.9916
0.992
0.9909
0.9908
0.9918
0.9913
0.993
0.9915
0.9907
0.9905
0.9917
0.9919
0.9916
0.9917
0.9917
0.991
0.991
0.9917
0.9905
0.9915
0.9911
0.9916
0.9926
0.9913
0.9923
0.9922
0.9921
0.9913
0.9927
0.9916
