0.5514
0.5906
0.5887
0.5968
0.6089
0.6677
0.6494
0.6752
0.6691
0.6893
0.7631
0.7265
0.7747
0.7785
0.7744
0.8104
0.8043
0.8134
0.8162
0.8281
0.8345
0.8516
0.8541
0.8507
0.8585
0.8728
0.8643
0.8673
0.8889
0.8809
0.8873
0.8673
0.8901
0.8765
0.8823
0.9011
0.8998
0.9048
0.8935
0.8936
0.8886
0.9052
0.8987
0.908
0.9036
0.8935
0.9032
0.8888
0.9177
0.9065
0.8945
0.8904
0.9218
0.919
0.9137
0.9303
0.9357
0.9236
0.9241
0.9209
0.9414
0.9335
0.9298
0.9343
0.9401
0.9423
0.9345
0.9482
0.924
0.9395
0.9424
0.935
0.9508
0.9442
0.943
0.9587
0.9485
0.9385
0.9504
0.9508
0.9612
0.9645
0.9412
0.9625
0.9534
0.9549
0.9612
0.963
0.9593
0.9643
0.9581
0.9614
0.9626
0.9582
0.9615
0.968
0.967
0.9674
0.9646
0.9689
0.9659
