0.5743
0.6701
0.691
0.7327
0.7157
0.6995
0.7421
0.7293
0.723
0.7675
0.8022
0.8654
0.8456
0.8823
0.866
0.9124
0.9023
0.8841
0.9086
0.9159
0.9206
0.9273
0.9378
0.9327
0.9357
0.9391
0.9288
0.9374
0.9444
0.945
0.947
0.9527
0.9535
0.9579
0.958
0.9595
0.9588
0.9592
0.961
0.9655
0.9601
0.9674
0.9664
0.9651
0.9652
0.9665
0.9667
0.9626
0.9652
0.9667
0.969
0.9671
0.9696
0.9666
0.9694
0.9715
0.9727
0.9719
0.9711
0.9709
0.9718
0.9733
0.9703
0.9694
0.973
0.973
0.9706
0.9722
0.9685
0.9761
0.972
0.9703
0.9735
0.9757
0.973
0.9758
0.9715
0.977
0.9754
0.9756
0.977
0.9757
0.9781
0.978
0.979
0.9808
0.9777
0.9789
0.9777
0.9801
0.979
0.9813
0.9805
0.9814
0.9814
0.982
0.9819
0.98
0.979
0.9821
0.9817
