0.5745
0.6252
0.6763
0.6834
0.7401
0.7475
0.7528
0.7667
0.775
0.7693
0.672
0.6964
0.7847
0.7626
0.8034
0.8194
0.8333
0.806
0.8617
0.8135
0.8414
0.8129
0.8446
0.8833
0.8961
0.8973
0.9246
0.93
0.9402
0.9364
0.9391
0.9339
0.9449
0.9416
0.9454
0.9512
0.9421
0.9479
0.9435
0.9448
0.9502
0.957
0.9547
0.9548
0.9613
0.9655
0.9533
0.9607
0.9618
0.9639
0.9563
0.955
0.9585
0.9638
0.9645
0.9616
0.9676
0.9659
0.9677
0.968
0.97
0.9723
0.9721
0.9731
0.9719
0.9759
0.9704
0.9722
0.9758
0.9755
0.9732
0.9752
0.977
0.9782
0.9768
0.9771
0.976
0.9798
0.9784
0.9796
0.9784
0.9802
0.9814
0.98
0.9792
0.9825
0.9778
0.9786
0.9794
0.9794
0.9778
0.9792
0.9783
0.9796
0.9806
0.9795
0.9821
0.98
0.9804
0.9797
0.9832
