0.5635
0.6283
0.6191
0.6698
0.6991
0.7457
0.7524
0.789
0.7995
0.8167
0.8007
0.7953
0.8141
0.8163
0.8169
0.8306
0.8279
0.8367
0.8577
0.862
0.8601
0.876
0.8817
0.8792
0.8857
0.8953
0.9107
0.9017
0.9099
0.9073
0.9143
0.9155
0.9147
0.9173
0.9264
0.9266
0.9272
0.9332
0.9301
0.935
0.94
0.9335
0.9434
0.9376
0.9433
0.9045
0.9306
0.9378
0.9422
0.9419
0.9453
0.9351
0.9461
0.9532
0.9512
0.9423
0.9491
0.9556
0.9498
0.9521
0.9556
0.9632
0.95
0.9605
0.9602
0.9585
0.9524
0.9643
0.9568
0.9635
0.9652
0.9612
0.9486
0.9618
0.9616
0.9671
0.9649
0.9628
0.9646
0.9627
0.9549
0.9625
0.9681
0.9622
0.9733
0.9685
0.9648
0.9717
0.9685
0.9728
0.9696
0.9724
0.9765
0.9724
0.9751
0.9729
0.9711
0.9707
0.9721
0.9734
0.9744
