0.5875
0.6666
0.7164
0.6892
0.7094
0.717
0.7287
0.7863
0.8058
0.794
0.7868
0.8003
0.8124
0.8188
0.8533
0.8176
0.8485
0.8672
0.8745
0.8816
0.8969
0.886
0.8821
0.9158
0.8903
0.8863
0.9109
0.9157
0.9199
0.9324
0.9346
0.9283
0.9431
0.9404
0.9479
0.943
0.9437
0.9485
0.9534
0.9529
0.9482
0.952
0.961
0.9575
0.9607
0.9544
0.9574
0.9619
0.9613
0.9603
0.9616
0.9581
0.9613
0.9621
0.9626
0.9573
0.964
0.9656
0.9581
0.9642
0.9641
0.9706
0.9688
0.9611
0.9717
0.9694
0.9718
0.969
0.9745
0.9697
0.972
0.9733
0.9668
0.9716
0.9749
0.9691
0.9765
0.9748
0.9728
0.9708
0.9753
0.9727
0.9766
0.9772
0.9772
0.976
0.9763
0.9771
0.9788
0.9781
0.9749
0.9777
0.9774
0.9799
0.9787
0.9796
0.9782
0.9783
0.9796
0.9797
0.9806
