0.6032
0.6363
0.6767
0.6967
0.7257
0.7415
0.6868
0.6856
0.6616
0.7375
0.768
0.8223
0.7988
0.8309
0.846
0.8537
0.86
0.8706
0.8858
0.8323
0.8938
0.9062
0.89
0.9029
0.9042
0.9133
0.9354
0.9323
0.9316
0.9329
0.9407
0.9354
0.9331
0.9494
0.9362
0.9383
0.9465
0.9479
0.9529
0.9491
0.9579
0.9565
0.9557
0.9586
0.9571
0.9584
0.9601
0.9651
0.9618
0.9583
0.9656
0.9635
0.9709
0.9668
0.97
0.9623
0.9734
0.9684
0.9708
0.9751
0.9696
0.9746
0.9639
0.9727
0.9707
0.9694
0.9736
0.9739
0.9717
0.9723
0.9763
0.9752
0.975
0.9764
0.9762
0.978
0.9778
0.9771
0.9799
0.9766
0.9739
0.9796
0.9773
0.9782
0.9806
0.9779
0.9802
0.9798
0.9833
0.9808
0.9816
0.9803
0.98
0.9776
0.9811
0.9818
0.9814
0.9841
0.982
0.9848
0.9849
