0.5544
0.5501
0.5877
0.6015
0.6374
0.5842
0.5535
0.6186
0.646
0.6726
0.7011
0.7242
0.7701
0.7694
0.7657
0.7901
0.8108
0.8087
0.8306
0.7897
0.8203
0.8233
0.853
0.8438
0.8563
0.8563
0.856
0.86
0.878
0.8828
0.9075
0.9093
0.9166
0.9206
0.9189
0.9344
0.9329
0.9406
0.9345
0.9174
0.9223
0.9388
0.9426
0.9362
0.9392
0.9407
0.942
0.9426
0.9474
0.955
0.9552
0.9527
0.9566
0.9592
0.9558
0.9527
0.9574
0.9565
0.9657
0.9611
0.9645
0.967
0.9656
0.9644
0.962
0.9654
0.9582
0.9672
0.9678
0.9675
0.9667
0.9633
0.9702
0.9695
0.9699
0.9652
0.969
0.9682
0.9683
0.9673
0.9747
0.971
0.9691
0.9705
0.9714
0.9679
0.9711
0.9731
0.9736
0.9731
0.9728
0.9743
0.9759
0.9741
0.978
0.9725
0.97
0.973
0.9722
0.9742
0.9731
