0.5254
0.5437
0.6504
0.6558
0.6739
0.6706
0.7171
0.7133
0.7161
0.7411
0.7941
0.8105
0.8278
0.8145
0.8003
0.808
0.8346
0.8346
0.8497
0.8705
0.8564
0.8347
0.872
0.8553
0.8903
0.8677
0.8856
0.9057
0.9078
0.9057
0.9108
0.9065
0.8897
0.9095
0.9097
0.9266
0.9175
0.9258
0.9328
0.9242
0.9245
0.9165
0.939
0.9297
0.943
0.9407
0.947
0.9474
0.9468
0.9561
0.9596
0.956
0.9575
0.9551
0.9503
0.955
0.9584
0.9594
0.9584
0.953
0.9537
0.9602
0.9611
0.9598
0.9567
0.9545
0.9644
0.9614
0.9621
0.9679
0.9609
0.9568
0.9611
0.9609
0.963
0.9628
0.9591
0.9659
0.9602
0.9587
0.9615
0.9636
0.9651
0.9653
0.9588
0.9631
0.9704
0.9676
0.9628
0.9677
0.972
0.9706
0.974
0.9698
0.9739
0.9735
0.972
0.9697
0.9682
0.9732
0.9742
