0.5881
0.6873
0.6613
0.6846
0.737
0.7375
0.6703
0.6969
0.7615
0.7716
0.7844
0.8008
0.807
0.793
0.8342
0.8177
0.8503
0.8498
0.8578
0.8469
0.8683
0.8689
0.8877
0.8913
0.8999
0.9011
0.895
0.9014
0.9156
0.9044
0.9122
0.9155
0.9068
0.9247
0.9073
0.9162
0.9376
0.9227
0.9467
0.937
0.9301
0.9357
0.9488
0.9457
0.9502
0.9379
0.9551
0.951
0.943
0.9508
0.9497
0.9569
0.9511
0.9573
0.9527
0.9564
0.9583
0.9556
0.9633
0.9476
0.9629
0.9587
0.9571
0.96
0.9657
0.9611
0.9598
0.9573
0.9661
0.9592
0.964
0.9621
0.9627
0.9648
0.9702
0.9689
0.9572
0.9667
0.9673
0.9697
0.9722
0.9679
0.9683
0.967
0.9734
0.969
0.9728
0.9717
0.9766
0.9728
0.9673
0.9725
0.9664
0.9723
0.9632
0.9703
0.9722
0.9681
0.9673
0.9685
0.9705
