0.5586
0.635
0.6905
0.7269
0.7543
0.7582
0.758
0.775
0.7951
0.7815
0.793
0.7815
0.8073
0.8153
0.8263
0.8496
0.8477
0.8537
0.8614
0.8728
0.8675
0.8697
0.8608
0.8926
0.8825
0.8918
0.913
0.8944
0.8875
0.9089
0.9154
0.9096
0.9067
0.9197
0.9142
0.9117
0.9093
0.9188
0.9135
0.918
0.9259
0.9265
0.9324
0.9318
0.915
0.9287
0.933
0.9237
0.9352
0.9295
0.9357
0.9395
0.9313
0.9358
0.9323
0.941
0.9349
0.9357
0.9416
0.9378
0.9411
0.9349
0.9425
0.9419
0.9428
0.9488
0.9379
0.9471
0.944
0.9387
0.9485
0.9471
0.9436
0.9397
0.9467
0.9446
0.9469
0.9484
0.946
0.9442
0.9481
0.9528
0.9522
0.9539
0.9495
0.9542
0.9546
0.9553
0.9535
0.9571
0.955
0.956
0.9539
0.9535
0.9555
0.9559
0.9534
0.9543
0.957
0.9553
0.9559
