0.8433
0.8746
0.8698
0.8696
0.8985
0.9033
0.9081
0.9196
0.9117
0.9185
0.9216
0.9329
0.9329
0.933
0.9269
0.9371
0.9225
0.9431
0.9449
0.9446
0.9442
0.9393
0.9398
0.9309
0.9502
0.9514
0.9397
0.9553
0.9584
0.9518
0.9548
0.9572
0.9604
0.9577
0.9462
0.9573
0.9587
0.956
0.9614
0.9506
0.9633
0.9571
0.9437
0.9556
0.9528
0.9634
0.968
0.9667
0.9641
0.9631
0.9554
0.962
0.9686
0.9659
0.963
0.9549
0.9465
0.9595
0.9705
0.9631
0.9638
0.9664
0.9665
0.9665
0.9635
0.9648
0.9711
0.9641
0.9663
0.9674
0.9479
0.9664
0.9663
0.966
0.9713
0.9597
0.9652
0.9645
0.9661
0.9688
0.9656
0.9655
0.9674
0.9677
0.9738
0.9652
0.9667
0.9721
0.9722
0.9625
0.9722
0.9712
0.9663
0.9689
0.97
0.9626
0.9727
0.9724
0.9693
0.9768
0.9741
0.9727
0.9704
0.9677
0.9718
0.9716
0.9685
0.9698
0.9759
0.976
0.9696
0.9776
0.9724
0.9727
0.9723
0.9705
0.977
0.9718
0.9723
0.9791
0.975
0.9688
0.973
0.9745
0.9741
0.975
0.9709
0.9777
0.972
0.9736
0.975
0.9776
0.974
0.9789
0.9755
0.9783
0.9748
0.9772
0.9735
0.9746
0.9764
0.9704
0.9768
0.9774
0.9748
0.9784
0.9802
0.9772
0.9773
0.9754
0.9793
