0.8491
0.8295
0.8498
0.8856
0.8869
0.9276
0.9104
0.9332
0.942
0.9442
0.9549
0.9548
0.9357
0.9512
0.9623
0.9443
0.949
0.959
0.9643
0.9518
0.9509
0.9525
0.9604
0.9646
0.9632
0.9598
0.9217
0.9525
0.9668
0.9633
0.9604
0.9606
0.9681
0.9504
0.9676
0.9636
0.952
0.9561
0.9374
0.966
0.9657
0.9708
0.9724
0.9689
0.9769
0.9593
0.9743
0.9743
0.9686
0.973
0.9639
0.9788
0.9756
0.9668
0.9751
0.9743
0.9765
0.9775
0.9719
0.9754
0.9786
0.9729
0.9644
0.9731
0.9754
0.9768
0.9734
0.9743
0.9713
0.9752
0.9752
0.9808
0.9782
0.9791
0.9751
0.978
0.9754
0.9795
0.9757
0.9735
0.9693
0.9781
0.9757
0.9769
0.9776
0.9792
0.9736
0.9724
0.9706
0.9797
0.9784
0.9702
0.9774
0.9827
0.9798
0.976
0.9776
0.9727
0.9794
0.9807
0.977
0.9779
0.9763
0.976
0.9777
0.9797
0.9854
0.9732
0.9791
0.9809
0.9813
0.9758
0.9786
0.9759
0.972
0.9809
0.9773
0.981
0.9769
0.9812
0.9796
0.9832
0.9733
0.9789
0.9807
0.9807
0.98
0.9752
0.9825
0.9788
0.9764
0.9792
0.9825
0.9786
0.98
0.9816
0.9801
0.9818
0.9752
0.9811
0.9846
0.9801
0.9806
0.9753
0.9821
0.9786
0.9813
0.982
0.9833
0.9778
0.984
