0.8357
0.8612
0.858
0.8836
0.8867
0.9054
0.9161
0.9186
0.9289
0.9044
0.9262
0.9134
0.9154
0.9261
0.9262
0.9262
0.9154
0.9244
0.9294
0.9327
0.9399
0.9462
0.9388
0.9326
0.9468
0.9296
0.9444
0.9429
0.9505
0.9497
0.9365
0.9521
0.9424
0.946
0.9479
0.9475
0.9313
0.9321
0.948
0.9402
0.9514
0.9529
0.9358
0.9545
0.9525
0.9428
0.9579
0.9441
0.9494
0.9486
0.9512
0.9424
0.9466
0.9512
0.9464
0.938
0.9605
0.9595
0.9568
0.9497
0.9544
0.9525
0.9532
0.9404
0.9491
0.9508
0.953
0.9574
0.9583
0.9465
0.9565
0.9677
0.9657
0.9346
0.9574
0.9563
0.9278
0.9622
0.9434
0.9544
0.9638
0.9536
0.9626
0.9447
0.9574
0.9633
0.9593
0.9589
0.9621
0.9584
0.957
0.9592
0.9603
0.9576
0.9639
0.9556
0.9542
0.9622
0.9563
0.9617
0.9538
0.9573
0.9648
0.9631
0.9493
0.9645
0.9645
0.9607
0.9699
0.9584
0.9666
0.9579
0.9601
0.9644
0.9612
0.9599
0.9562
0.9655
0.9636
0.964
0.9659
0.9682
0.9614
0.9682
0.9671
0.9617
0.9691
0.9602
0.968
0.963
0.9613
0.9656
0.9635
0.9663
0.9655
0.9633
0.9594
0.961
0.9642
0.9688
0.9684
0.9577
0.9701
0.9412
0.9656
0.9687
0.9646
0.9699
0.9693
0.9732
0.9657
