0.1568
0.2116
0.2414
0.2581
0.2899
0.3139
0.3356
0.3422
0.3538
0.3597
0.3627
0.3631
0.35
0.3723
0.3893
0.3765
0.4059
0.3944
0.3856
0.4067
0.3966
0.3988
0.4
0.3947
0.4223
0.4158
0.4104
0.4261
0.402
0.3977
0.4176
0.4259
0.4031
0.4255
0.4133
0.4146
0.4089
0.4166
0.4355
0.3904
0.4331
0.4381
0.4131
0.4217
0.4333
0.4245
0.4176
0.4398
0.4237
0.4254
0.4149
0.3873
0.4266
0.441
0.4241
0.4459
0.4474
0.4373
0.4311
0.4235
0.4379
0.4335
0.4294
0.46
0.4449
0.4295
0.4379
0.4468
0.4295
0.4306
0.4468
0.4478
0.4674
0.4422
0.4588
0.4377
0.4389
0.4325
0.4444
0.4269
0.4554
0.4424
0.4358
0.4558
0.4675
0.4492
0.4384
0.4646
0.458
0.4441
0.4479
0.4473
0.4294
0.46
0.4491
0.4427
0.4486
0.4555
0.4866
0.4614
0.4353
0.4581
0.4636
0.4512
0.4531
0.465
0.4628
0.449
0.4734
0.4513
0.446
0.4309
0.4737
0.4445
0.4564
0.4683
0.4542
0.4762
0.4705
0.4354
0.4609
0.463
0.4567
0.4791
0.4649
0.476
0.4615
0.4586
0.4578
0.4665
0.4808
0.4606
0.4696
0.4837
0.4618
0.4812
0.4721
0.4613
0.484
0.439
0.4631
0.4742
0.4842
0.4745
0.4764
0.4761
0.4755
0.4718
0.4768
0.4736
0.4592
