0.1788
0.2455
0.275
0.2462
0.3027
0.3122
0.345
0.3333
0.3571
0.3581
0.3543
0.3719
0.3656
0.3726
0.3769
0.3828
0.3768
0.3678
0.3549
0.4126
0.3392
0.4132
0.416
0.4168
0.4036
0.4203
0.4247
0.4098
0.4135
0.4234
0.4168
0.4181
0.4236
0.421
0.4253
0.4376
0.4201
0.4377
0.4383
0.4261
0.444
0.4065
0.4204
0.4391
0.4274
0.4382
0.4341
0.4249
0.4412
0.4252
0.4342
0.4351
0.4268
0.4516
0.433
0.4462
0.4455
0.43
0.4496
0.4361
0.4508
0.4427
0.4446
0.4599
0.437
0.4533
0.4538
0.4529
0.4568
0.4541
0.4562
0.4675
0.4694
0.4366
0.4559
0.4284
0.4522
0.4811
0.4604
0.4608
0.4428
0.445
0.4668
0.4561
0.4566
0.4606
0.4631
0.4662
0.4602
0.4587
0.462
0.4674
0.4396
0.4711
0.4804
0.4507
0.4605
0.4511
0.4607
0.4531
0.4524
0.4529
0.4524
0.4731
0.4814
0.4561
0.4451
0.457
0.461
0.472
0.4684
0.4716
0.4782
0.465
0.4726
0.4751
0.4745
0.4757
0.4723
0.4575
0.4802
0.4643
0.4635
0.4888
0.4835
0.4704
0.4766
0.473
0.4693
0.4748
0.4732
0.4883
0.4934
0.4683
0.4946
0.4756
0.4962
0.482
0.469
0.4708
0.4756
0.4889
0.4811
0.4906
0.5103
0.4787
0.4951
0.4819
0.4772
0.4821
0.4808
