0.8051
0.901
0.9381
0.9543
0.962
0.9659
0.9692
0.9745
0.9763
0.978
0.9825
0.9813
0.9844
0.9842
0.9833
0.9844
0.986
0.9873
0.9868
0.987
0.989
0.9895
0.9873
0.9874
0.9861
0.9893
0.9886
0.989
0.9895
0.9885
0.9884
0.9879
0.9884
0.991
0.9891
0.9901
0.9901
0.9906
0.9895
0.9917
0.989
0.9907
0.9911
0.9911
0.9912
0.9916
0.9884
0.9911
0.9909
0.9913
0.9915
0.991
0.9883
0.99
0.99
0.9892
0.9899
0.9909
0.9902
0.9914
0.99
0.9927
0.9916
0.9908
0.9918
0.9908
0.9914
0.9911
0.992
0.9907
0.9912
0.9921
0.9918
0.9911
0.9912
0.9921
0.9914
0.9921
0.9928
0.9915
0.9923
0.9924
0.9901
0.9922
0.9911
0.9911
0.9914
0.9913
0.9911
0.9916
0.9922
0.9915
0.9912
0.9917
0.9909
0.9905
0.9903
0.9918
0.9919
0.992
0.9923
0.9911
0.991
0.9913
0.9917
0.9925
0.9916
0.9923
0.9921
0.992
0.993
0.9921
0.9908
0.9916
0.9917
0.9912
0.9919
0.992
0.9912
0.9918
0.9914
0.9906
0.9922
0.9911
0.9921
0.992
0.9923
0.9913
0.9908
0.9908
0.9921
0.9925
0.9916
0.9911
0.9932
0.9915
0.9908
0.9919
0.9916
0.9916
0.9921
0.9905
0.9919
0.9918
0.9924
0.992
0.9919
0.9919
0.9909
0.9921
0.9921
