0.8328
0.8854
0.8997
0.9195
0.9194
0.9263
0.9356
0.9346
0.9455
0.953
0.9484
0.9537
0.9527
0.9609
0.9585
0.9635
0.96
0.9651
0.9661
0.9685
0.9672
0.966
0.9682
0.969
0.9711
0.9733
0.9724
0.9706
0.9734
0.9716
0.9732
0.9751
0.9729
0.9759
0.9753
0.974
0.9762
0.976
0.9756
0.9763
0.976
0.9761
0.9756
0.9788
0.9776
0.9762
0.9776
0.9783
0.9779
0.9791
0.9788
0.9771
0.9799
0.983
0.9786
0.9799
0.9791
0.9795
0.9806
0.98
0.9809
0.9814
0.9837
0.9832
0.9816
0.9822
0.9817
0.9829
0.9816
0.9818
0.9807
0.9825
0.9805
0.9818
0.9838
0.9809
0.9817
0.9836
0.9826
0.981
0.9814
0.9825
0.9829
0.9849
0.9819
0.9821
0.9847
0.9844
0.9845
0.9869
0.9843
0.9857
0.9839
0.9847
0.9854
0.9866
0.9858
0.984
0.9855
0.9839
0.9866
0.9842
0.9865
0.9863
0.9841
0.9868
0.9855
0.9867
0.987
0.9849
0.9861
0.9872
0.986
0.9863
0.9857
0.9862
0.9853
0.9881
0.9862
0.9851
0.9855
0.9876
0.9861
0.9866
0.9864
0.9877
0.9873
0.9863
0.9883
0.9884
0.9876
0.9873
0.9856
0.9869
0.9861
0.9862
0.9876
0.9888
0.9854
0.9876
0.9866
0.988
0.9869
0.9877
0.986
0.9861
0.9872
0.9857
0.9895
0.9898
0.9894
